Chr5_9420	Chr5_9421	Chr5_9437	Chr5_10503	Chr5_10515	Chr5_10527	Chr5_10542	Chr5_10626	Chr5_10644	Chr5_10647	Chr5_10650	Chr5_10746	Chr5_10880	Chr5_11495	Chr5_11579	Chr5_11794	Chr5_11894	Chr5_11957	Chr5_12053	Chr5_12069	Chr5_12083	Chr5_12142	Chr5_12324	Chr5_12364	Chr5_12380	Chr5_12383	Chr5_12565	Chr5_12684	Chr5_12699	Chr5_12720	Chr5_12850	Chr5_12901	Chr5_12908	Chr5_12920	Chr5_12937	Chr5_12938	Chr5_13032	Chr5_13107	Chr5_13113	Chr5_13575	Chr5_14396	Chr5_14786	Chr5_14834	Chr5_45979	Chr5_52209	Chr5_52229	Chr5_60827	Chr5_70457	Chr5_70497	Chr5_70884
0.0000	0.0000	0.0618	0.9555	0.9572	0.9998	0.9935	0.9904	0.9975	0.9888	0.9876	0.9810	0.9939	0.9778	0.9849	0.9575	0.9967	0.9568	0.9713	0.9984	0.9971	0.9841	0.9974	0.9997	0.9708	0.9952	0.9914	0.9715	0.9987	0.9909	0.9984	0.9866	0.9866	0.9538	0.9860	0.9744	0.9902	0.9871	0.9950	0.9740	0.9924	0.9964	0.9971	0.9773	0.9421	0.9933	0.9441	0.9607	0.9942	0.9861
0.0000	0.0000	0.0618	0.9555	0.9572	0.9991	0.9916	0.9917	0.9983	0.9900	0.9733	0.9752	0.9939	0.9778	0.9849	0.9575	0.9967	0.9568	0.9713	0.9984	0.9971	0.9866	0.9974	0.9997	0.9708	0.9952	0.9949	0.9715	0.9987	0.9909	0.9989	0.9866	0.9810	0.9538	0.9860	0.9744	0.9902	0.9871	0.9950	0.9740	0.9885	0.9983	0.9952	0.9829	0.9518	0.9838	0.9316	0.9607	0.9942	0.9864
0.0618	0.0618	0.0000	0.9539	0.9562	0.9943	0.9860	0.9959	0.9997	0.9954	0.9824	0.9780	0.9956	0.9510	0.9870	0.9005	0.9899	0.9351	0.9605	0.9969	0.9951	0.9910	0.9981	0.9995	0.9870	0.9939	0.9735	0.9852	0.9965	0.9804	0.9897	0.9906	0.9627	0.9687	0.9907	0.9806	0.9734	0.9794	0.9897	0.9337	0.9960	0.9957	0.9900	0.9914	0.9589	0.9973	0.9658	0.9838	0.9904	0.9864
0.9555	0.9555	0.9539	0.0000	0.0706	0.9126	0.9277	0.9936	0.9756	0.9996	1.0000	0.9956	0.9952	0.9924	0.9858	0.9867	0.9908	0.9797	0.9725	0.9985	0.9933	0.9469	0.9310	0.9840	0.9990	0.9931	0.9997	0.9645	0.9940	0.9645	1.0000	0.9948	0.9999	0.9917	0.9768	0.9841	0.9654	0.9996	0.9922	0.9998	1.0000	0.9436	0.9933	1.0000	0.9933	0.9931	0.9982	0.9746	0.9953	0.9593
0.9572	0.9572	0.9562	0.0706	0.0000	0.9266	0.9445	0.9976	0.9609	0.9934	0.9990	0.9759	0.9873	0.9998	0.9762	0.9687	0.9783	0.9617	0.9522	0.9968	0.9906	0.9154	0.9151	0.9681	0.9978	0.9821	0.9997	0.9446	0.9985	0.9317	0.9997	0.9809	0.9976	0.9991	0.9904	0.9953	0.9769	0.9847	0.9661	0.9915	0.9970	0.9459	0.9865	0.9997	0.9842	0.9951	0.9993	0.9587	0.9941	0.9652
0.9998	0.9991	0.9943	0.9126	0.9266	0.0000	0.5775	0.9059	0.6562	0.8092	0.8929	0.9914	0.9999	0.9895	0.9515	0.9872	0.9969	0.9062	0.9998	0.9400	0.9505	1.0000	0.9986	0.9364	0.9697	0.9604	0.9811	0.9996	0.9957	0.9913	0.9316	0.9755	0.9872	0.9542	0.9867	0.9933	0.9772	0.9798	0.9798	0.9929	1.0000	1.0000	0.9943	0.9992	0.9763	0.9472	0.9989	0.9805	0.9957	1.0000
0.9935	0.9916	0.9860	0.9277	0.9445	0.5775	0.0000	0.7882	0.6655	0.7844	0.8079	1.0000	0.9939	1.0000	0.9984	0.9966	0.9964	0.8364	0.9948	0.9736	0.9906	0.9835	0.9999	0.9802	0.9928	0.9879	0.9985	0.9983	0.9941	0.9848	0.9811	0.9999	0.9835	0.9984	1.0000	0.9997	0.9796	0.9961	0.9782	0.9966	0.9591	0.8696	0.9796	0.9803	0.9427	0.9707	0.9999	0.9974	0.9942	1.0000
0.9904	0.9917	0.9959	0.9936	0.9976	0.9059	0.7882	0.0000	0.6994	0.4553	0.6154	0.9902	0.9222	0.9906	0.9988	0.9762	0.9878	0.9871	0.9876	0.9811	0.9860	0.9871	0.9917	0.9999	0.9610	0.9985	0.9881	0.9977	0.9950	0.9917	0.9881	0.9891	0.9998	0.9994	0.9877	0.9932	0.9415	0.9844	0.9888	0.9980	0.9667	0.9997	0.9966	0.9924	0.9819	0.9436	0.9893	0.9760	0.9985	1.0000
0.9975	0.9983	0.9997	0.9756	0.9609	0.6562	0.6655	0.6994	0.0000	0.5042	0.6579	0.9987	0.9950	0.8781	0.9633	0.9972	0.9934	0.9224	0.9921	0.9819	0.9719	0.9810	0.9341	0.9999	0.9992	0.9995	0.9999	0.9985	0.9991	0.9985	0.9793	0.9944	1.0000	0.9756	0.9991	0.9953	0.9927	0.9710	0.9777	0.9995	0.9982	0.9832	1.0000	0.9884	0.9125	0.9902	0.9981	0.9980	0.9916	1.0000
0.9888	0.9900	0.9954	0.9996	0.9934	0.8092	0.7844	0.4553	0.5042	0.0000	0.3993	0.9951	0.9898	0.9420	0.9925	0.9965	0.9955	0.9401	0.9849	0.9979	0.9950	0.9962	0.9793	0.9996	0.9610	1.0000	0.9987	0.9987	0.9939	0.9990	0.9812	0.9564	1.0000	0.9886	0.9800	0.9866	0.9999	0.9853	0.9889	0.9923	0.9833	0.9978	0.9828	0.9957	0.9782	0.9511	0.9994	0.9799	0.9981	1.0000
0.9876	0.9733	0.9824	1.0000	0.9990	0.8929	0.8079	0.6154	0.6579	0.3993	0.0000	0.9962	0.9965	0.9829	0.9999	0.9928	0.9917	0.9605	0.9683	0.9934	0.9888	0.9957	0.9674	0.9998	0.9818	0.9985	0.9632	1.0000	0.9977	0.9992	0.9387	0.9612	0.9743	0.9956	0.9869	0.9924	0.9999	0.9735	0.9775	0.9978	0.9951	0.9808	0.9763	0.9862	0.9947	0.9969	0.9910	0.9981	0.9986	1.0000
0.9810	0.9752	0.9780	0.9956	0.9759	0.9914	1.0000	0.9902	0.9987	0.9951	0.9962	0.0000	0.3733	0.9820	0.6129	0.9998	0.5861	0.9475	0.4213	0.9919	0.9852	0.9867	0.9862	0.9900	0.9710	0.9787	0.9949	0.8191	0.9463	0.8039	0.9958	0.9001	0.9998	0.9992	0.9481	0.9293	0.9988	0.6156	0.6587	0.9997	0.9972	0.9793	0.7339	0.9978	0.9608	0.9946	0.9993	0.9885	0.9832	0.9859
0.9939	0.9939	0.9956	0.9952	0.9873	0.9999	0.9939	0.9222	0.9950	0.9898	0.9965	0.3733	0.0000	0.9988	0.7159	0.9855	0.5300	0.9654	0.5764	0.9890	0.9799	0.9990	0.9951	0.9714	0.9505	0.9469	0.9788	0.7106	0.9978	0.5656	0.9954	0.9976	0.9996	0.9788	0.9999	0.9963	0.9147	0.6889	0.7348	0.9995	0.9713	0.9121	0.8026	0.9924	0.9815	0.9882	0.9783	0.9807	0.9938	1.0000
0.9778	0.9778	0.9510	0.9924	0.9998	0.9895	1.0000	0.9906	0.8781	0.9420	0.9829	0.9820	0.9988	0.0000	0.9805	0.8726	0.9632	0.9275	0.9931	0.9970	0.9929	0.9744	0.9719	0.9364	0.9995	0.9489	0.7882	1.0000	0.9944	0.9961	0.9629	0.9924	0.9999	0.9878	0.9977	0.9991	0.9764	0.9868	0.9924	0.9802	0.9987	0.9967	0.9771	0.9897	0.9999	0.9993	0.9913	0.9989	0.9993	0.9763
0.9849	0.9849	0.9870	0.9858	0.9762	0.9515	0.9984	0.9988	0.9633	0.9925	0.9999	0.6129	0.7159	0.9805	0.0000	0.9725	0.7141	0.9409	0.6159	0.9817	0.9708	0.9663	0.9898	0.9575	0.9975	0.9478	0.8944	0.8923	0.9966	0.8889	0.9960	0.9996	0.9954	0.9793	0.9988	0.9967	0.9981	0.8447	0.8755	0.9902	0.9555	0.9996	0.9563	0.9982	0.9768	0.9968	1.0000	0.9980	0.9923	0.9893
0.9575	0.9575	0.9005	0.9867	0.9687	0.9872	0.9966	0.9762	0.9972	0.9965	0.9928	0.9998	0.9855	0.8726	0.9725	0.0000	0.9683	0.9997	0.9996	0.9453	0.9610	0.9993	0.9999	0.9984	0.9375	0.9996	0.9566	0.9853	0.9965	0.9872	0.9984	0.9995	0.9952	0.9800	0.9993	0.9960	0.9280	0.9962	0.9905	0.8738	0.9191	0.9970	0.9780	0.9926	0.9954	0.9999	0.9959	0.9720	0.9975	1.0000
0.9967	0.9967	0.9899	0.9908	0.9783	0.9969	0.9964	0.9878	0.9934	0.9955	0.9917	0.5861	0.5300	0.9632	0.7141	0.9683	0.0000	0.9651	0.4682	0.9935	0.9876	0.9897	0.9956	0.9998	0.9930	0.9981	0.9899	0.6353	0.9893	0.5735	0.9875	0.9925	0.9936	0.9987	0.9997	0.9997	0.9982	0.4636	0.5148	0.9943	0.9681	1.0000	0.7752	0.9638	0.9670	0.9796	0.9678	0.9998	0.9859	0.9774
0.9568	0.9568	0.9351	0.9797	0.9617	0.9062	0.8364	0.9871	0.9224	0.9401	0.9605	0.9475	0.9654	0.9275	0.9409	0.9997	0.9651	0.0000	0.9555	0.8588	0.9002	0.8920	0.9356	0.7154	0.8556	0.6804	0.9102	0.9964	0.9919	0.9997	0.9840	0.9981	0.9431	0.9951	0.9981	0.9960	0.8670	0.9970	0.9885	0.8719	0.7629	0.9391	0.9996	0.9973	0.9829	0.9963	0.9666	0.9976	0.9824	0.9804
0.9713	0.9713	0.9605	0.9725	0.9522	0.9998	0.9948	0.9876	0.9921	0.9849	0.9683	0.4213	0.5764	0.9931	0.6159	0.9996	0.4682	0.9555	0.0000	0.9927	0.9933	0.9599	0.9880	0.9966	0.9892	0.9890	0.9794	0.7597	0.9951	0.7489	0.9907	0.9755	0.9990	0.9998	0.9989	1.0000	0.9836	0.5562	0.5562	0.9993	0.9336	0.9997	0.8482	0.9856	0.9476	0.9957	0.9812	0.9990	1.0000	0.9804
0.9984	0.9984	0.9969	0.9985	0.9968	0.9400	0.9736	0.9811	0.9819	0.9979	0.9934	0.9919	0.9890	0.9970	0.9817	0.9453	0.9935	0.8588	0.9927	0.0000	0.0605	0.8460	0.9940	0.9214	0.9917	0.9251	0.9966	0.9995	0.9924	0.9961	0.9781	0.9962	0.9490	0.9519	0.9998	0.9999	0.8834	0.9941	0.9941	0.9938	0.8593	0.9943	0.9996	0.9983	0.9925	0.9987	0.9625	0.9986	0.9999	0.9729
0.9971	0.9971	0.9951	0.9933	0.9906	0.9505	0.9906	0.9860	0.9719	0.9950	0.9888	0.9852	0.9799	0.9929	0.9708	0.9610	0.9876	0.9002	0.9933	0.0605	0.0000	0.8224	0.9962	0.9466	0.9823	0.9479	0.9966	0.9991	0.9953	0.9951	0.9565	0.9984	0.9646	0.9431	0.9998	0.9985	0.8726	0.9968	0.9968	0.9992	0.9191	0.9998	0.9975	0.9818	0.9989	0.9978	0.9848	0.9983	0.9920	0.9416
0.9841	0.9866	0.9910	0.9469	0.9154	1.0000	0.9835	0.9871	0.9810	0.9962	0.9957	0.9867	0.9990	0.9744	0.9663	0.9993	0.9897	0.8920	0.9599	0.8460	0.8224	0.0000	0.8727	0.8829	0.9752	0.8887	0.9602	0.9846	0.9994	0.9905	0.9999	0.9951	1.0000	0.9967	0.9981	0.9966	0.8874	0.9701	0.9701	0.9956	0.9853	0.9339	0.9831	0.9931	0.9864	0.9993	0.9935	0.9822	0.9996	0.9380
0.9974	0.9974	0.9981	0.9310	0.9151	0.9986	0.9999	0.9917	0.9341	0.9793	0.9674	0.9862	0.9951	0.9719	0.9898	0.9999	0.9956	0.9356	0.9880	0.9940	0.9962	0.8727	0.0000	0.6821	0.9090	0.6557	0.8836	0.9988	0.9799	0.9996	0.9711	0.9740	0.9922	0.9875	0.9907	0.9961	0.9879	0.9997	0.9997	0.9734	0.9788	0.9961	0.9852	0.9999	1.0000	0.9894	0.9997	0.9871	0.9931	0.9950
0.9997	0.9997	0.9995	0.9840	0.9681	0.9364	0.9802	0.9999	0.9999	0.9996	0.9998	0.9900	0.9714	0.9364	0.9575	0.9984	0.9998	0.7154	0.9966	0.9214	0.9466	0.8829	0.6821	0.0000	0.7831	0.0621	0.8307	0.9953	0.9694	0.9982	0.9028	0.9843	0.9767	0.9470	0.9831	0.9899	0.9046	0.9999	0.9999	0.9983	0.8571	0.9825	0.9958	0.9842	0.9926	0.9946	0.9898	0.9995	0.9925	1.0000
0.9708	0.9708	0.9870	0.9990	0.9978	0.9697	0.9928	0.9610	0.9992	0.9610	0.9818	0.9710	0.9505	0.9995	0.9975	0.9375	0.9930	0.8556	0.9892	0.9917	0.9823	0.9752	0.9090	0.7831	0.0000	0.7187	0.9995	0.9792	0.9730	0.9319	0.9672	0.9661	0.9898	0.9838	0.9896	0.9923	0.9986	1.0000	1.0000	0.9847	0.9312	0.9978	0.9961	0.9784	0.9935	0.9830	0.9502	0.9271	0.9980	1.0000
0.9952	0.9952	0.9939	0.9931	0.9821	0.9604	0.9879	0.9985	0.9995	1.0000	0.9985	0.9787	0.9469	0.9489	0.9478	0.9996	0.9981	0.6804	0.9890	0.9251	0.9479	0.8887	0.6557	0.0621	0.7187	0.0000	0.8612	0.9843	0.9539	0.9997	0.9134	0.9852	0.9644	0.9566	0.9860	0.9922	0.9181	0.9932	0.9932	0.9964	0.8211	0.9749	0.9999	0.9900	0.9929	0.9916	1.0000	0.9996	0.9819	1.0000
0.9914	0.9949	0.9735	0.9997	0.9997	0.9811	0.9985	0.9881	0.9999	0.9987	0.9632	0.9949	0.9788	0.7882	0.8944	0.9566	0.9899	0.9102	0.9794	0.9966	0.9966	0.9602	0.8836	0.8307	0.9995	0.8612	0.0000	0.9999	0.9914	0.9995	0.9998	0.9960	0.9988	0.9998	0.9906	0.9972	0.9723	0.9926	0.9981	0.9565	0.9593	0.9524	0.8750	0.9756	0.9803	0.9826	0.9807	0.9997	0.9822	1.0000
0.9715	0.9715	0.9852	0.9645	0.9446	0.9996	0.9983	0.9977	0.9985	0.9987	1.0000	0.8191	0.7106	1.0000	0.8923	0.9853	0.6353	0.9964	0.7597	0.9995	0.9991	0.9846	0.9988	0.9953	0.9792	0.9843	0.9999	0.0000	0.9949	0.5306	0.9796	0.9991	0.9947	0.9971	0.9994	0.9998	0.9984	0.7848	0.8190	0.9855	0.9678	0.9795	0.7813	0.9483	0.9827	1.0000	0.9951	0.9880	0.9989	0.9760
0.9987	0.9987	0.9965	0.9940	0.9985	0.9957	0.9941	0.9950	0.9991	0.9939	0.9977	0.9463	0.9978	0.9944	0.9966	0.9965	0.9893	0.9919	0.9951	0.9924	0.9953	0.9994	0.9799	0.9694	0.9730	0.9539	0.9914	0.9949	0.0000	0.9882	0.7373	0.9266	0.3696	0.7310	0.9507	0.9206	0.9921	0.9776	0.9904	0.9949	0.9979	0.9361	0.9999	0.9966	0.9992	0.9800	0.9968	0.9960	0.9716	0.9834
0.9909	0.9909	0.9804	0.9645	0.9317	0.9913	0.9848	0.9917	0.9985	0.9990	0.9992	0.8039	0.5656	0.9961	0.8889	0.9872	0.5735	0.9997	0.7489	0.9961	0.9951	0.9905	0.9996	0.9982	0.9319	0.9997	0.9995	0.5306	0.9882	0.0000	0.9947	0.9825	0.9977	0.9972	0.9975	0.9903	1.0000	0.7543	0.7922	0.9985	0.9505	0.9753	0.9055	0.9867	0.9998	0.9316	0.9861	0.9998	0.9917	0.9748
0.9984	0.9989	0.9897	1.0000	0.9997	0.9316	0.9811	0.9881	0.9793	0.9812	0.9387	0.9958	0.9954	0.9629	0.9960	0.9984	0.9875	0.9840	0.9907	0.9781	0.9565	0.9999	0.9711	0.9028	0.9672	0.9134	0.9998	0.9796	0.7373	0.9947	0.0000	0.9536	0.7235	0.4334	0.9930	0.9915	0.9968	0.9990	0.9996	0.9759	0.9961	0.9855	0.9988	0.9919	0.9951	1.0000	0.9935	0.9825	0.9898	0.9939
0.9866	0.9866	0.9906	0.9948	0.9809	0.9755	0.9999	0.9891	0.9944	0.9564	0.9612	0.9001	0.9976	0.9924	0.9996	0.9995	0.9925	0.9981	0.9755	0.9962	0.9984	0.9951	0.9740	0.9843	0.9661	0.9852	0.9960	0.9991	0.9266	0.9825	0.9536	0.0000	0.9269	0.9711	0.4433	0.3855	0.9967	0.9574	0.9314	0.9985	0.9740	0.9985	1.0000	0.9898	0.9901	0.9672	0.9963	0.9993	1.0000	0.9854
0.9866	0.9810	0.9627	0.9999	0.9976	0.9872	0.9835	0.9998	1.0000	1.0000	0.9743	0.9998	0.9996	0.9999	0.9954	0.9952	0.9936	0.9431	0.9990	0.9490	0.9646	1.0000	0.9922	0.9767	0.9898	0.9644	0.9988	0.9947	0.3696	0.9977	0.7235	0.9269	0.0000	0.6895	0.9739	0.9574	0.9997	0.9927	0.9985	0.9984	0.9797	0.9443	0.9983	0.9914	0.9994	0.9989	0.9947	0.9946	0.9753	0.9933
0.9538	0.9538	0.9687	0.9917	0.9991	0.9542	0.9984	0.9994	0.9756	0.9886	0.9956	0.9992	0.9788	0.9878	0.9793	0.9800	0.9987	0.9951	0.9998	0.9519	0.9431	0.9967	0.9875	0.9470	0.9838	0.9566	0.9998	0.9971	0.7310	0.9972	0.4334	0.9711	0.6895	0.0000	0.9992	0.9883	0.9983	0.9998	0.9971	0.9990	0.9882	0.9980	0.9726	0.9997	0.9986	0.9927	0.9619	0.9885	0.9582	0.9988
0.9860	0.9860	0.9907	0.9768	0.9904	0.9867	1.0000	0.9877	0.9991	0.9800	0.9869	0.9481	0.9999	0.9977	0.9988	0.9993	0.9997	0.9981	0.9989	0.9998	0.9998	0.9981	0.9907	0.9831	0.9896	0.9860	0.9906	0.9994	0.9507	0.9975	0.9930	0.4433	0.9739	0.9992	0.0000	0.0740	0.9799	0.9699	0.9756	0.9771	0.9684	0.9921	0.9998	0.9889	0.9680	0.9471	0.9980	0.9648	0.9969	0.9926
0.9744	0.9744	0.9806	0.9841	0.9953	0.9933	0.9997	0.9932	0.9953	0.9866	0.9924	0.9293	0.9963	0.9991	0.9967	0.9960	0.9997	0.9960	1.0000	0.9999	0.9985	0.9966	0.9961	0.9899	0.9923	0.9922	0.9972	0.9998	0.9206	0.9903	0.9915	0.3855	0.9574	0.9883	0.0740	0.0000	0.9753	0.9465	0.9536	0.9875	0.9765	0.9987	0.9969	0.9784	0.9870	0.9374	0.9901	0.9750	0.9953	0.9926
0.9902	0.9902	0.9734	0.9654	0.9769	0.9772	0.9796	0.9415	0.9927	0.9999	0.9999	0.9988	0.9147	0.9764	0.9981	0.9280	0.9982	0.8670	0.9836	0.8834	0.8726	0.8874	0.9879	0.9046	0.9986	0.9181	0.9723	0.9984	0.9921	1.0000	0.9968	0.9967	0.9997	0.9983	0.9799	0.9753	0.0000	0.9954	0.9972	0.9672	0.9163	0.9999	0.9709	0.9705	0.9900	0.9877	0.9682	0.9588	0.9998	1.0000
0.9871	0.9871	0.9794	0.9996	0.9847	0.9798	0.9961	0.9844	0.9710	0.9853	0.9735	0.6156	0.6889	0.9868	0.8447	0.9962	0.4636	0.9970	0.5562	0.9941	0.9968	0.9701	0.9997	0.9999	1.0000	0.9932	0.9926	0.7848	0.9776	0.7543	0.9990	0.9574	0.9927	0.9998	0.9699	0.9465	0.9954	0.0000	0.0686	0.9947	0.9912	0.9881	0.7792	0.9668	0.9662	0.9954	0.9999	0.9718	1.0000	1.0000
0.9950	0.9950	0.9897	0.9922	0.9661	0.9798	0.9782	0.9888	0.9777	0.9889	0.9775	0.6587	0.7348	0.9924	0.8755	0.9905	0.5148	0.9885	0.5562	0.9941	0.9968	0.9701	0.9997	0.9999	1.0000	0.9932	0.9981	0.8190	0.9904	0.7922	0.9996	0.9314	0.9985	0.9971	0.9756	0.9536	0.9972	0.0686	0.0000	0.9871	0.9993	0.9760	0.8225	0.9425	0.9562	0.9971	0.9965	0.9835	0.9992	1.0000
0.9740	0.9740	0.9337	0.9998	0.9915	0.9929	0.9966	0.9980	0.9995	0.9923	0.9978	0.9997	0.9995	0.9802	0.9902	0.8738	0.9943	0.8719	0.9993	0.9938	0.9992	0.9956	0.9734	0.9983	0.9847	0.9964	0.9565	0.9855	0.9949	0.9985	0.9759	0.9985	0.9984	0.9990	0.9771	0.9875	0.9672	0.9947	0.9871	0.0000	0.8153	1.0000	0.9990	0.9733	0.9916	0.9984	0.9919	0.9995	0.9999	1.0000
0.9924	0.9885	0.9960	1.0000	0.9970	1.0000	0.9591	0.9667	0.9982	0.9833	0.9951	0.9972	0.9713	0.9987	0.9555	0.9191	0.9681	0.7629	0.9336	0.8593	0.9191	0.9853	0.9788	0.8571	0.9312	0.8211	0.9593	0.9678	0.9979	0.9505	0.9961	0.9740	0.9797	0.9882	0.9684	0.9765	0.9163	0.9912	0.9993	0.8153	0.0000	0.9425	0.9999	0.9969	0.9902	0.9158	0.9676	1.0000	0.9921	1.0000
0.9964	0.9983	0.9957	0.9436	0.9459	1.0000	0.8696	0.9997	0.9832	0.9978	0.9808	0.9793	0.9121	0.9967	0.9996	0.9970	1.0000	0.9391	0.9997	0.9943	0.9998	0.9339	0.9961	0.9825	0.9978	0.9749	0.9524	0.9795	0.9361	0.9753	0.9855	0.9985	0.9443	0.9980	0.9921	0.9987	0.9999	0.9881	0.9760	1.0000	0.9425	0.0000	0.9331	0.9878	0.9469	0.9900	0.9751	0.9769	0.9815	0.9768
0.9971	0.9952	0.9900	0.9933	0.9865	0.9943	0.9796	0.9966	1.0000	0.9828	0.9763	0.7339	0.8026	0.9771	0.9563	0.9780	0.7752	0.9996	0.8482	0.9996	0.9975	0.9831	0.9852	0.9958	0.9961	0.9999	0.8750	0.7813	0.9999	0.9055	0.9988	1.0000	0.9983	0.9726	0.9998	0.9969	0.9709	0.7792	0.8225	0.9990	0.9999	0.9331	0.0000	0.9999	0.9888	0.9242	0.9981	0.9956	0.9487	1.0000
0.9773	0.9829	0.9914	1.0000	0.9997	0.9992	0.9803	0.9924	0.9884	0.9957	0.9862	0.9978	0.9924	0.9897	0.9982	0.9926	0.9638	0.9973	0.9856	0.9983	0.9818	0.9931	0.9999	0.9842	0.9784	0.9900	0.9756	0.9483	0.9966	0.9867	0.9919	0.9898	0.9914	0.9997	0.9889	0.9784	0.9705	0.9668	0.9425	0.9733	0.9969	0.9878	0.9999	0.0000	0.9970	0.9916	0.9002	0.9975	0.9984	0.9815
0.9421	0.9518	0.9589	0.9933	0.9842	0.9763	0.9427	0.9819	0.9125	0.9782	0.9947	0.9608	0.9815	0.9999	0.9768	0.9954	0.9670	0.9829	0.9476	0.9925	0.9989	0.9864	1.0000	0.9926	0.9935	0.9929	0.9803	0.9827	0.9992	0.9998	0.9951	0.9901	0.9994	0.9986	0.9680	0.9870	0.9900	0.9662	0.9562	0.9916	0.9902	0.9469	0.9888	0.9970	0.0000	0.8594	0.9333	0.9896	0.9882	0.9940
0.9933	0.9838	0.9973	0.9931	0.9951	0.9472	0.9707	0.9436	0.9902	0.9511	0.9969	0.9946	0.9882	0.9993	0.9968	0.9999	0.9796	0.9963	0.9957	0.9987	0.9978	0.9993	0.9894	0.9946	0.9830	0.9916	0.9826	1.0000	0.9800	0.9316	1.0000	0.9672	0.9989	0.9927	0.9471	0.9374	0.9877	0.9954	0.9971	0.9984	0.9158	0.9900	0.9242	0.9916	0.8594	0.0000	0.9044	0.9915	0.9732	0.9973
0.9441	0.9316	0.9658	0.9982	0.9993	0.9989	0.9999	0.9893	0.9981	0.9994	0.9910	0.9993	0.9783	0.9913	1.0000	0.9959	0.9678	0.9666	0.9812	0.9625	0.9848	0.9935	0.9997	0.9898	0.9502	1.0000	0.9807	0.9951	0.9968	0.9861	0.9935	0.9963	0.9947	0.9619	0.9980	0.9901	0.9682	0.9999	0.9965	0.9919	0.9676	0.9751	0.9981	0.9002	0.9333	0.9044	0.0000	0.9851	0.9921	0.9867
0.9607	0.9607	0.9838	0.9746	0.9587	0.9805	0.9974	0.9760	0.9980	0.9799	0.9981	0.9885	0.9807	0.9989	0.9980	0.9720	0.9998	0.9976	0.9990	0.9986	0.9983	0.9822	0.9871	0.9995	0.9271	0.9996	0.9997	0.9880	0.9960	0.9998	0.9825	0.9993	0.9946	0.9885	0.9648	0.9750	0.9588	0.9718	0.9835	0.9995	1.0000	0.9769	0.9956	0.9975	0.9896	0.9915	0.9851	0.0000	0.9883	0.9917
0.9942	0.9942	0.9904	0.9953	0.9941	0.9957	0.9942	0.9985	0.9916	0.9981	0.9986	0.9832	0.9938	0.9993	0.9923	0.9975	0.9859	0.9824	1.0000	0.9999	0.9920	0.9996	0.9931	0.9925	0.9980	0.9819	0.9822	0.9989	0.9716	0.9917	0.9898	1.0000	0.9753	0.9582	0.9969	0.9953	0.9998	1.0000	0.9992	0.9999	0.9921	0.9815	0.9487	0.9984	0.9882	0.9732	0.9921	0.9883	0.0000	0.9691
0.9861	0.9864	0.9864	0.9593	0.9652	1.0000	1.0000	1.0000	1.0000	1.0000	1.0000	0.9859	1.0000	0.9763	0.9893	1.0000	0.9774	0.9804	0.9804	0.9729	0.9416	0.9380	0.9950	1.0000	1.0000	1.0000	1.0000	0.9760	0.9834	0.9748	0.9939	0.9854	0.9933	0.9988	0.9926	0.9926	1.0000	1.0000	1.0000	1.0000	1.0000	0.9768	1.0000	0.9815	0.9940	0.9973	0.9867	0.9917	0.9691	0.0000
