Chr5	9420	A	C	188	646	0.4776	0.5224	1,3	0,3	0,0	0,1	0,0	4,12	2,0	3,20	1,11	0,4	1,1	0,2	0,8	2,8	3,6	1,6	0,3	2,4	0,6	0,0	1,6	0,0	0,2	0,2	1,2	5,3	0,2	2,2	0,10	1,1	1,1	0,0	2,3	0,3	0,3	1,3	1,7	3,5	3,2	2,6	0,8	0,10	0,11	0,5	0,8	0,0	0,6	2,3	0,4	1,0	0,2	0,1	0,6	0,1	0,5	0,2	0,3	0,0	1,7	0,2	0,8	0,0	1,5	0,2	0,2	0,0	0,2	0,1	0,1	0,1	0,8	0,2	0,3	0,6	2,3	1,6	0,6	1,1	1,5	2,12	0,10	0,4	0,6	0,9	0,7	0,1	0,5	0,8	0,5	0,3	0,9	0,2	0,0	0,1	117,0	1,78	0,37	0,44	7,40	8,58
Chr5	9421	G	A	148	683	0.4697	0.5303	1,3	0,3	0,0	0,1	0,0	4,12	2,0	3,19	1,11	0,4	1,1	0,2	0,6	2,8	3,6	1,6	0,3	2,4	0,6	0,0	1,6	0,0	0,2	0,2	1,2	5,3	0,2	2,2	0,10	1,1	1,1	0,0	2,3	0,3	0,3	1,3	1,7	3,5	3,2	2,6	0,8	0,10	0,11	0,5	0,8	0,0	0,6	3,2	0,4	1,0	0,2	0,1	0,6	0,1	0,5	0,2	0,3	0,0	1,7	0,2	0,7	0,0	1,5	0,2	0,2	0,0	0,2	0,1	0,1	0,1	0,8	0,2	0,3	0,6	2,3	1,6	0,6	1,1	1,5	2,12	0,10	0,4	0,6	0,9	0,7	0,1	0,5	0,8	0,5	0,3	0,9	0,2	0,0	0,1	92,0	0,93	0,41	0,44	0,53	0,68
Chr5	9437	A	T	117	691	0.4762	0.5238	1,2	0,3	0,0	0,1	0,0	3,10	2,0	3,18	2,11	0,4	1,1	0,2	0,7	1,8	3,7	1,5	0,2	2,4	0,6	0,0	1,7	0,0	0,2	0,1	1,2	4,3	0,2	2,2	0,10	0,1	1,1	0,0	1,3	0,3	0,3	1,3	1,7	3,4	3,2	2,6	0,9	0,10	0,10	0,5	0,8	0,1	0,5	3,3	0,4	1,0	0,2	0,1	0,6	0,1	0,4	0,2	0,3	0,0	2,6	0,2	0,7	0,0	1,5	0,2	0,2	0,1	0,2	0,1	0,1	0,1	0,8	0,2	0,3	0,5	2,3	1,7	0,6	0,1	1,5	2,12	0,8	0,4	0,5	0,9	0,8	0,1	0,5	0,7	0,4	0,3	1,9	0,2	0,0	0,1	0,107	64,0	0,42	0,44	0,53	0,70

Chr5	10527	G	C	75	636	0.5909	0.4091	0,1	0,3	0,0	0,5	0,0	0,6	2,2	2,11	2,3	0,6	1,4	1,5	0,1	0,5	6,8	0,5	0,1	3,5	2,2	1,0	2,5	0,1	0,5	0,4	0,3	3,3	0,1	1,3	0,10	0,0	0,0	0,1	1,4	2,0	0,0	1,2	2,3	3,6	0,5	0,2	0,3	1,4	0,7	3,3	3,3	0,3	1,1	0,4	1,4	0,4	0,1	0,0	0,0	0,1	0,0	0,2	3,4	0,0	0,5	0,0	0,3	0,2	0,6	0,2	0,1	0,1	1,0	0,0	1,0	1,5	0,9	0,3	3,5	1,2	0,4	0,4	3,3	0,1	1,5	1,7	2,3	0,3	1,7	1,4	0,2	0,2	1,3	0,6	0,8	0,1	0,11	1,1	0,0	0,0	0,103	0,76	2,43	2,33	2,38	4,49
Chr5	10542	A	C	107	621	0.7794	0.2206	0,1	1,2	0,0	0,5	0,0	4,4	2,2	5,10	5,1	0,5	1,2	1,3	0,2	1,6	5,5	0,5	0,3	5,4	1,1	1,0	2,9	0,1	1,5	0,2	0,3	3,2	0,1	2,1	0,11	0,1	0,0	1,0	2,2	2,0	0,0	1,2	1,2	3,5	0,3	0,4	0,5	1,8	1,6	2,2	3,2	0,2	1,2	1,3	1,4	0,3	1,0	0,0	0,0	0,1	0,1	0,2	3,5	0,0	0,5	0,0	1,4	0,2	3,1	0,2	0,1	0,1	1,0	0,0	1,0	2,4	1,7	0,2	2,6	1,2	0,6	0,5	4,2	1,0	2,4	1,6	1,4	0,3	4,3	2,2	0,2	0,2	1,3	1,7	0,7	0,1	1,12	1,1	0,0	0,0	0,101	0,77	1,49	2,34	2,41	7,51
Chr5	10626	C	T	161	699	0.7895	0.2105	3,1	2,1	0,0	0,4	0,0	8,3	0,4	8,12	4,8	0,7	4,5	1,3	2,2	1,10	7,9	0,3	0,4	3,4	2,5	1,0	1,15	0,1	1,3	1,1	1,5	3,3	0,3	1,3	1,11	1,3	1,2	2,1	3,1	2,1	0,2	1,3	0,2	3,4	0,5	1,6	0,9	1,11	0,8	3,2	3,6	0,3	1,5	1,5	1,3	2,4	1,2	0,0	0,1	1,1	0,1	0,4	3,7	0,0	1,8	0,1	6,3	0,1	2,1	0,3	0,1	0,2	2,0	0,0	2,0	1,5	1,9	0,1	3,7	1,3	3,5	0,5	3,3	0,0	3,5	2,5	2,3	0,1	3,7	0,3	0,3	3,2	1,3	1,9	1,5	0,2	1,15	0,6	0,0	0,0	6,82	8,75	2,59	4,38	5,39	8,47
Chr5	10644	A	C	118	735	0.7467	0.2533	1,3	1,1	0,0	0,4	0,0	7,4	0,4	6,15	3,9	0,9	4,5	1,2	0,3	0,11	4,14	0,2	0,5	2,5	2,5	1,0	3,14	0,0	0,3	0,1	1,4	3,3	0,4	1,3	0,12	1,3	1,2	1,1	2,2	2,1	0,2	1,4	2,2	2,5	0,4	1,6	0,9	1,10	1,8	3,3	3,6	0,3	1,5	1,4	1,4	1,6	0,3	0,0	0,1	0,2	0,1	1,4	2,9	0,0	1,7	0,1	1,8	0,1	0,3	0,3	0,1	0,2	2,0	0,1	2,0	2,5	1,9	0,1	3,6	1,2	0,8	0,5	3,4	0,0	1,7	1,7	2,4	0,1	2,5	1,3	0,3	1,4	1,3	1,9	0,8	0,1	1,16	1,6	0,0	0,0	5,81	7,78	0,57	2,38	4,44	4,38
Chr5	10647	C	A	147	697	0.8267	0.1733	3,1	1,1	0,0	0,4	0,0	8,3	0,4	8,12	2,9	0,9	4,5	1,3	2,1	1,12	8,10	0,2	0,5	1,5	2,5	1,0	2,14	0,1	0,3	0,1	1,4	3,3	0,5	1,3	2,10	1,3	1,2	1,1	3,1	2,1	0,2	1,4	2,2	3,5	0,4	1,5	0,9	1,10	1,8	4,2	3,6	0,3	1,5	1,4	2,3	3,4	1,2	0,0	0,1	1,1	0,1	1,4	2,9	0,0	1,7	0,1	6,3	0,1	2,1	0,3	0,1	0,2	2,0	0,1	0,0	1,5	1,9	0,1	3,6	1,2	3,5	0,5	3,4	0,0	2,6	2,6	2,4	0,1	2,4	1,3	0,3	3,2	1,3	0,9	2,5	0,1	1,16	1,6	0,0	0,0	5,81	7,78	0,57	2,37	3,44	3,37
Chr5	10650	G	A	140	712	0.8158	0.1842	3,1	1,1	0,0	0,4	0,0	9,4	1,4	8,12	2,9	0,9	4,5	1,3	2,1	1,12	8,11	1,2	0,5	1,5	2,5	1,0	2,14	0,1	0,3	0,1	1,4	3,3	0,5	1,3	2,10	1,3	1,2	1,1	3,1	2,1	0,2	1,4	2,2	3,5	0,4	1,5	0,9	1,10	1,8	4,2	4,6	0,3	1,5	1,4	2,3	3,4	1,2	0,0	0,1	1,1	0,1	1,4	2,9	0,0	1,7	0,1	6,3	0,1	2,1	0,3	0,1	0,2	2,0	0,1	0,0	2,5	1,9	0,1	3,6	1,2	3,5	0,5	4,5	0,0	2,6	2,6	2,4	0,1	2,4	1,3	0,3	3,2	1,3	1,9	2,5	0,1	1,16	1,6	0,0	0,0	5,82	1,86	0,54	0,40	0,41	0,43

Chr5	10746	T	G	140	737	0.5286	0.4714	0,5	0,2	0,0	0,4	0,0	0,14	0,5	0,21	0,12	2,5	0,2	2,2	0,4	4,8	3,13	0,6	0,6	1,9	0,3	0,0	3,14	0,0	2,5	0,6	2,0	4,6	0,2	1,2	1,16	1,2	1,4	0,0	0,5	0,6	0,1	0,7	0,6	1,7	0,7	3,4	0,9	0,10	1,7	2,4	0,14	0,3	2,2	2,4	0,5	0,2	0,2	0,0	0,1	0,0	0,2	2,4	2,15	0,0	1,5	0,2	0,10	2,1	1,3	1,1	0,0	1,2	0,0	0,2	0,0	1,10	0,8	0,0	0,6	1,3	0,5	2,3	1,7	1,2	2,5	0,7	0,7	0,2	0,6	0,4	0,2	0,6	0,5	3,6	1,3	0,4	2,11	3,5	0,0	0,0	0,100	71,0	0,51	2,34	0,47	2,57
Chr5	10880	G	C	160	712	0.4394	0.5606	0,2	0,1	0,0	0,3	0,0	0,10	0,6	0,22	0,11	0,2	0,6	2,3	0,5	4,10	6,10	0,7	0,9	1,4	0,4	0,2	2,7	0,1	1,5	1,2	0,3	0,9	0,4	0,1	2,3	1,2	0,1	0,4	0,6	0,5	0,2	0,7	0,4	1,3	0,6	1,3	0,6	1,5	0,5	1,3	0,11	0,4	0,0	1,6	0,1	0,7	0,4	0,1	0,0	0,1	0,7	0,3	1,6	0,1	1,5	0,0	0,8	0,1	0,2	2,9	0,0	0,0	0,0	0,2	0,0	1,3	0,5	0,0	0,1	1,6	0,1	1,2	3,8	1,2	2,6	0,4	0,9	0,3	0,4	0,3	0,6	0,5	0,7	3,2	1,2	0,1	6,12	4,4	2,2	0,2	0,137	72,0	8,56	6,36	11,44	9,46
Chr5	11579	A	C	136	713	0.4231	0.5769	0,3	0,6	0,1	0,2	0,0	0,7	0,5	0,24	0,9	0,2	0,2	0,3	1,1	4,3	3,16	1,4	0,6	1,8	0,7	0,0	0,10	0,1	1,8	2,3	0,4	1,4	1,1	1,2	1,4	1,5	0,1	0,0	0,7	0,4	0,3	0,5	0,0	1,4	0,5	3,6	0,3	0,7	1,7	1,2	0,5	0,0	1,6	1,5	0,2	0,3	0,8	0,0	0,3	0,2	4,2	0,3	2,5	0,3	0,12	0,3	0,0	0,1	2,1	1,6	0,4	1,1	0,1	0,2	0,1	1,5	0,13	1,2	0,5	0,6	0,3	2,6	0,3	1,1	0,10	0,6	0,8	0,4	0,3	0,10	0,11	0,10	0,3	2,5	3,7	0,4	5,9	2,4	2,4	0,6	0,102	78,0	1,38	0,38	2,56	0,47
Chr5	11894	A	G	169	779	0.4189	0.5811	0,9	0,6	0,2	0,5	0,1	0,5	0,4	0,16	0,13	0,0	0,3	1,2	0,1	0,7	4,12	2,4	0,6	1,6	0,7	0,0	2,6	0,0	0,8	0,2	0,2	2,0	0,2	1,6	1,8	0,3	0,1	0,1	0,3	0,3	0,1	0,7	0,4	0,6	0,7	2,3	1,4	1,6	0,8	1,4	0,8	0,4	1,5	2,1	0,2	0,3	0,3	0,3	0,1	0,1	0,2	0,3	2,3	0,3	2,9	0,1	0,6	0,3	1,6	4,6	0,1	1,1	0,1	0,4	1,2	3,3	0,6	2,4	0,8	1,7	0,7	2,3	2,2	0,2	1,5	1,6	0,8	0,3	0,3	0,6	0,7	0,4	0,4	2,2	2,2	0,4	4,7	1,4	0,4	0,4	0,135	70,1	8,61	14,51	11,66	12,64
Chr5	12053	A	T	121	840	0.5286	0.4714	0,8	0,5	0,1	0,7	0,1	0,4	0,0	0,10	0,16	0,0	0,2	1,3	0,3	4,10	7,17	1,6	0,5	2,6	0,5	0,0	1,5	0,0	2,7	1,6	0,2	2,1	0,2	1,7	2,5	1,3	0,3	0,2	0,7	0,0	0,1	0,6	0,7	2,6	0,6	0,1	0,3	2,8	3,9	2,3	0,6	0,3	1,6	1,1	0,3	1,6	0,0	0,3	0,2	0,2	1,6	1,3	2,6	0,2	2,3	0,2	0,5	0,2	2,7	1,4	0,2	1,2	0,1	0,3	3,2	3,3	0,7	3,3	0,2	1,10	0,7	3,3	0,6	0,3	1,12	1,5	0,7	0,3	0,2	0,5	0,9	0,3	0,4	3,4	2,4	0,1	1,6	2,6	0,3	0,3	0,97	0,67	13,66	10,67	17,66	11,65
Chr5	12684	C	A	57	1138	0.3765	0.6235	0,9	1,3	0,0	0,2	0,5	0,16	0,9	0,33	0,20	1,4	0,4	0,0	1,10	3,14	1,25	0,13	0,9	1,11	0,9	0,5	0,7	2,2	0,9	1,2	0,5	2,6	0,4	0,5	0,17	0,4	0,3	0,7	0,8	0,4	1,7	0,9	0,7	1,9	0,12	1,11	2,4	1,10	1,10	5,9	0,9	0,2	1,13	0,6	0,0	0,6	0,5	0,0	0,4	0,7	1,11	0,5	2,9	0,0	1,13	0,3	0,13	0,4	0,4	0,12	2,1	0,4	0,0	0,4	0,1	2,11	0,9	0,5	0,7	1,8	0,0	1,10	2,7	0,3	1,10	1,10	0,16	0,3	0,20	0,7	0,10	0,14	0,16	3,9	2,9	0,13	3,16	1,15	0,7	0,5	2,114	0,82	0,53	1,50	3,49	2,42
Chr5	12720	A	G	47	994	0.3659	0.6341	0,7	1,4	0,2	0,4	0,6	0,15	0,10	0,31	0,19	1,3	0,4	0,1	0,12	3,15	1,30	1,12	0,9	2,11	0,10	0,5	0,7	1,3	0,8	1,2	0,5	2,8	0,5	1,6	0,15	0,0	0,5	0,8	0,6	0,0	0,8	0,12	0,8	1,6	0,15	1,10	2,4	2,10	0,10	4,7	0,12	0,2	0,16	1,6	0,0	0,6	0,6	0,2	0,5	0,0	0,13	0,4	1,9	0,0	1,15	0,3	0,17	0,4	0,4	1,10	2,1	0,4	0,0	1,6	0,1	1,16	0,9	0,3	0,13	1,9	0,0	1,10	3,7	0,3	1,12	1,10	0,21	0,1	0,20	0,6	0,11	0,16	0,17	3,11	2,12	0,14	3,19	0,17	0,9	0,0	0,0	0,0	0,45	0,53	0,61	0,45
Chr5	13107	C	G	47	766	0.3833	0.6167	0,4	0,3	0,0	0,5	0,0	0,9	0,3	0,15	0,15	0,2	0,3	0,0	0,4	0,13	4,18	0,5	0,2	0,2	0,4	0,0	1,7	0,1	0,4	1,1	2,3	1,5	0,2	1,6	0,5	0,1	0,2	0,3	0,4	0,3	0,5	0,2	0,3	0,2	0,4	2,4	0,5	1,9	0,8	1,0	0,4	0,2	0,2	0,8	0,5	0,2	0,5	0,0	0,0	0,1	2,3	1,3	1,6	0,0	0,8	0,0	0,8	0,0	4,3	1,2	1,0	0,0	0,0	0,2	0,0	0,2	0,5	0,1	0,4	1,2	0,0	0,5	0,1	1,4	2,5	2,4	0,11	0,1	0,6	0,8	0,9	0,5	0,4	3,4	1,6	0,2	3,8	3,11	0,1	0,1	1,79	6,91	0,53	0,54	0,64	0,55
Chr5	13113	A	G	58	747	0.3667	0.6333	0,4	0,3	0,0	0,5	0,0	0,8	0,3	0,15	0,13	0,2	0,3	0,0	0,4	0,13	4,19	0,7	0,2	0,2	0,4	0,0	1,7	0,1	0,4	2,1	2,3	1,4	0,2	1,6	0,5	0,1	0,2	0,3	0,4	0,3	0,4	0,2	0,3	0,2	0,4	0,4	0,5	1,9	0,8	1,0	0,4	0,2	0,2	0,7	0,5	0,2	0,4	0,0	0,0	0,0	2,2	1,3	1,6	0,0	0,8	0,0	0,8	0,0	4,3	1,2	1,0	0,0	0,0	0,2	0,0	0,2	0,5	0,1	0,4	1,1	0,0	0,5	0,1	1,4	2,6	1,4	0,11	0,1	0,6	0,8	0,9	0,4	0,4	2,4	1,6	0,2	3,8	3,11	0,1	0,1	15,66	6,92	0,53	0,54	0,65	0,54
Chr5	14834	T	G	41	701	0.3810	0.6190	0,3	1,3	0,0	0,2	0,2	0,6	0,0	1,11	0,10	2,0	0,2	1,2	0,3	2,3	3,18	0,3	0,3	1,6	0,6	0,0	1,5	0,0	0,3	1,1	2,3	0,1	0,1	0,3	3,6	0,6	0,0	0,0	0,4	0,0	0,2	0,5	0,5	0,2	0,3	1,5	2,7	0,9	0,3	0,7	0,6	0,1	1,3	0,3	0,1	0,3	0,0	0,2	0,0	0,0	0,2	1,4	2,9	0,0	1,6	0,1	0,4	0,1	0,1	0,4	0,0	0,0	0,0	0,0	1,2	0,4	0,5	0,0	0,6	1,5	0,4	0,5	0,4	1,3	2,4	0,3	0,1	0,1	0,3	0,4	0,5	0,5	0,5	0,4	1,2	0,3	5,7	1,11	0,1	0,3	1,106	2,64	0,64	0,48	0,46	0,58

Chr5	11957	A	G	200	728	0.6000	0.4000	1,4	2,3	0,3	2,3	0,1	1,5	0,2	1,10	1,10	0,0	1,2	1,3	0,3	2,10	2,19	2,5	0,2	0,7	2,6	0,0	1,5	0,0	0,5	1,3	0,2	1,1	0,2	1,7	0,8	0,3	0,1	0,0	1,6	0,1	0,1	1,5	1,3	3,6	0,4	0,4	0,6	2,5	0,9	0,5	2,7	2,0	0,6	0,2	0,3	0,4	0,0	0,2	0,1	0,0	1,3	2,3	0,6	2,1	0,7	0,2	2,2	0,3	0,13	0,8	0,2	2,0	1,0	2,0	0,3	3,3	1,5	0,7	0,5	3,7	2,5	0,3	1,3	1,2	1,6	2,6	2,8	0,3	2,1	0,6	2,5	0,3	2,1	0,8	0,5	0,3	2,5	3,4	1,0	0,3	0,98	69,0	13,66	16,57	15,70	13,62
Chr5	12324	C	G	121	662	0.1935	0.8065	0,6	0,2	0,1	0,0	0,3	0,10	0,0	0,11	0,11	0,0	1,5	0,0	0,2	2,10	0,22	0,5	0,4	0,6	0,7	0,0	3,8	0,0	0,9	0,2	1,2	0,2	1,2	1,8	0,9	0,4	0,3	0,1	0,1	0,0	1,1	0,3	0,6	0,5	0,3	0,2	1,8	1,4	0,10	0,6	0,4	0,1	0,9	0,5	0,3	0,6	1,3	0,1	0,2	0,0	0,8	0,0	0,10	0,0	0,5	0,0	0,6	0,2	0,7	0,5	0,0	0,1	0,1	0,3	0,3	2,1	0,8	0,1	0,4	0,5	0,0	0,4	0,5	0,4	0,6	0,9	0,4	0,7	0,3	0,3	1,1	0,6	0,1	0,8	0,13	0,1	0,8	0,7	0,2	0,2	0,74	61,0	9,49	11,45	9,46	15,46
Chr5	12364	G	C	143	620	0.4603	0.5397	0,6	0,2	0,1	0,1	0,2	0,10	0,0	1,14	2,11	0,3	3,3	0,0	0,2	3,8	2,15	3,6	1,3	0,5	1,9	0,0	3,6	0,0	0,10	0,2	1,2	1,2	1,2	1,6	0,8	0,2	0,3	0,1	0,5	0,3	1,1	0,2	0,6	0,5	0,6	0,2	1,11	1,5	0,13	0,7	1,3	1,1	0,8	2,4	0,4	0,5	1,3	0,0	0,1	0,0	0,6	1,3	1,7	0,0	0,3	0,0	1,6	0,2	0,4	0,7	0,0	0,1	0,0	0,4	0,1	3,0	0,6	0,1	0,4	0,2	0,0	0,3	1,5	0,3	1,3	0,8	1,3	0,5	1,1	0,3	1,3	0,6	0,0	0,6	0,9	0,2	0,7	0,6	0,1	0,1	0,62	55,2	10,43	12,45	11,46	13,50
Chr5	12380	C	T	210	573	0.7385	0.2615	2,4	0,1	0,1	0,2	0,2	3,7	0,0	2,12	2,12	0,4	2,3	0,0	2,0	4,6	5,11	3,6	1,3	0,5	1,11	0,0	3,6	0,1	5,5	0,2	2,1	1,2	2,1	1,6	2,6	0,2	0,3	0,1	4,1	0,4	1,1	0,2	2,5	3,2	0,6	0,2	1,11	1,5	0,12	3,3	1,3	1,1	1,6	2,3	2,2	1,5	1,3	0,0	0,1	0,1	1,5	1,3	0,7	0,0	0,3	0,0	5,2	0,2	1,3	0,8	0,0	0,2	0,0	0,5	0,1	3,0	0,5	0,1	0,3	0,3	0,0	0,3	1,5	1,2	2,2	3,4	1,3	1,4	1,1	0,3	1,3	1,4	0,0	0,4	1,6	0,2	0,6	3,4	0,1	0,1	62,0	0,58	11,52	15,45	13,47	15,55
Chr5	12383	G	A	141	638	0.4375	0.5625	0,6	0,1	0,1	0,2	0,1	0,10	0,0	1,13	2,12	0,4	2,3	0,0	0,2	3,7	1,15	3,6	1,3	0,5	1,12	0,0	2,6	0,1	0,10	0,2	1,2	1,2	1,2	1,6	0,8	0,2	0,3	0,1	0,5	0,4	1,1	0,2	0,7	0,5	0,6	0,2	1,11	1,5	0,12	0,6	1,3	1,1	0,7	2,3	0,4	0,6	1,3	0,0	0,1	0,1	0,6	1,3	0,7	0,0	0,3	0,0	1,6	0,2	0,4	0,8	0,0	0,2	0,0	0,5	0,1	3,0	0,5	0,1	0,3	0,3	0,0	0,3	1,5	0,3	1,3	0,7	1,3	0,5	1,1	0,3	1,3	0,5	0,0	0,3	0,7	0,2	0,5	0,7	0,1	0,1	7,57	0,53	50,13	1,60	45,14	0,72
Chr5	13575	G	A	70	682	0.4833	0.5167	0,6	0,1	0,0	0,2	0,1	2,5	1,1	0,11	1,14	0,0	0,2	0,1	0,4	0,14	2,14	1,2	1,1	0,0	0,2	2,1	0,6	0,0	0,4	0,0	0,3	0,3	0,1	1,3	1,8	0,5	0,0	0,3	2,3	0,0	0,3	0,4	0,3	0,2	1,2	0,5	0,6	0,6	0,6	0,4	0,4	0,0	0,4	1,2	0,2	0,4	2,2	0,0	0,2	0,1	2,4	2,3	0,3	0,0	2,4	0,0	1,1	0,0	1,2	0,1	0,2	0,0	1,0	0,1	0,2	1,7	0,6	0,4	0,3	2,4	0,2	0,7	0,1	0,1	2,3	1,9	1,6	0,1	0,8	0,3	0,4	1,4	1,4	0,3	0,6	0,0	1,8	1,9	0,0	0,0	9,90	18,80	2,53	1,42	1,58	1,50
Chr5	14396	C	T	90	398	0.6833	0.3167	0,1	1,0	0,0	0,3	0,0	2,5	0,1	2,10	3,11	0,2	0,1	0,2	0,1	3,5	1,9	1,3	1,3	0,6	0,2	0,0	0,2	0,2	0,4	0,2	0,1	0,4	0,0	1,3	1,8	0,0	0,1	0,0	0,2	0,6	1,3	1,1	0,4	0,2	0,2	0,5	0,2	1,6	1,8	0,3	0,0	0,0	2,4	2,1	0,6	0,5	1,1	0,1	0,0	1,1	1,0	1,2	0,5	0,0	0,4	0,1	1,4	0,0	1,0	1,4	1,0	0,1	0,1	0,0	0,0	0,5	2,4	0,5	0,6	2,3	0,0	0,0	2,3	0,0	1,2	0,6	1,5	1,2	1,2	0,0	2,2	1,0	1,3	0,3	0,7	0,5	2,3	2,2	1,0	0,2	0,87	1,64	5,0	10,0	11,0	12,0

Chr5	12069	C	T	256	679	0.6711	0.3289	2,6	0,4	1,1	2,4	0,2	0,4	0,0	2,7	2,12	0,0	0,4	1,3	0,4	4,10	4,22	4,2	1,5	2,5	2,4	0,0	2,5	0,0	0,9	0,4	0,2	0,4	0,3	1,6	0,5	2,2	0,4	1,1	0,4	0,0	0,0	1,6	2,5	3,4	1,5	0,2	2,0	4,6	1,12	0,4	3,3	1,2	3,6	0,0	0,3	0,6	0,0	0,3	0,2	0,0	3,6	2,2	3,5	1,1	0,4	0,2	0,6	0,2	4,2	0,6	0,1	1,1	1,1	3,0	0,6	1,4	1,6	0,6	0,4	0,8	3,4	0,6	1,4	1,2	4,8	2,5	3,5	0,2	2,1	2,1	2,5	1,2	2,3	2,5	0,8	0,1	2,5	1,7	3,0	0,3	89,0	0,65	13,62	18,58	16,66	15,61
Chr5	12083	T	G	246	705	0.6800	0.3200	2,7	0,4	1,1	2,2	0,4	0,5	0,0	2,7	2,12	0,0	0,4	1,3	0,4	4,11	3,18	4,1	1,5	2,3	2,4	0,0	2,5	0,0	0,9	0,4	0,2	0,3	0,3	1,5	0,5	2,3	0,3	1,1	0,3	0,0	0,0	1,6	2,4	2,3	1,6	0,1	2,0	2,6	2,11	0,3	2,3	1,2	3,6	0,1	0,2	1,5	0,1	0,3	0,2	0,0	3,6	2,2	3,6	1,1	0,4	0,2	0,6	0,2	4,2	0,7	0,1	1,1	0,1	3,0	0,5	1,3	1,6	0,4	0,4	0,8	3,4	0,6	1,4	1,1	4,7	2,6	2,5	0,2	2,1	2,1	2,5	1,2	2,3	2,5	0,9	0,2	3,5	1,7	4,0	0,3	94,0	0,89	13,63	9,69	17,64	11,65
Chr5	12142	T	C	203	623	0.6622	0.3378	0,6	1,3	0,2	2,1	0,4	1,8	0,0	0,8	1,12	0,0	1,3	1,1	0,5	3,16	2,19	2,2	0,5	1,5	2,4	0,0	1,7	0,0	0,6	1,4	1,3	1,2	0,2	3,3	0,5	1,4	0,6	1,1	1,3	0,0	1,2	0,6	1,4	0,9	0,3	0,1	2,4	2,6	1,13	0,2	3,2	2,0	2,6	1,2	0,3	2,5	0,2	0,1	0,2	1,1	3,9	2,2	3,7	0,1	0,6	0,1	0,6	0,3	2,6	0,7	0,2	1,0	0,1	1,1	0,3	1,0	0,7	0,2	0,6	0,9	2,2	1,4	0,5	1,2	4,5	0,10	1,2	0,2	2,2	1,1	1,5	0,3	0,2	2,7	0,11	0,2	2,7	1,9	0,0	0,3	99,0	2,51	8,49	7,45	5,43	6,48
Chr5	13032	C	G	151	717	0.8442	0.1558	0,6	3,2	0,0	1,4	0,0	3,6	3,1	4,17	6,12	1,1	1,1	1,0	0,6	3,10	5,20	2,2	1,3	3,2	1,4	1,0	2,8	0,1	0,4	1,4	2,6	6,3	1,2	3,5	0,6	0,4	0,1	1,3	0,3	2,3	4,1	0,2	1,4	1,1	2,2	3,5	1,6	0,10	2,6	3,1	3,4	0,1	2,2	5,5	2,2	0,2	2,2	0,0	0,0	1,0	1,3	2,3	3,3	1,0	0,7	1,0	3,5	0,0	1,4	3,3	0,2	0,1	2,0	1,2	0,0	2,3	3,4	0,1	0,4	1,2	0,0	1,4	1,1	1,4	6,3	3,3	4,9	0,1	3,3	3,3	3,6	1,3	1,2	0,8	0,9	0,2	1,12	4,3	1,0	0,1	0,87	5,80	0,55	0,50	0,61	0,54

Chr5	12699	G	A	130	1104	0.6506	0.3494	0,7	0,5	0,2	0,4	0,6	0,17	2,8	6,26	2,17	0,4	2,2	0,1	1,12	1,18	0,29	4,10	2,5	2,10	1,9	0,4	3,4	0,3	2,6	1,2	2,3	2,6	1,3	0,7	2,15	0,0	0,5	3,5	1,4	0,3	2,6	4,7	1,8	2,5	4,11	0,10	1,5	1,12	0,10	0,12	0,11	0,2	1,14	1,5	0,0	0,5	0,5	0,2	0,4	0,7	0,12	1,4	0,11	0,0	0,15	0,0	1,15	1,3	0,4	0,11	0,3	0,4	0,0	1,4	0,1	4,11	3,6	1,2	2,7	1,9	0,0	2,9	0,9	1,3	2,10	1,10	3,18	0,1	1,19	1,6	1,9	2,13	1,14	2,10	2,12	1,12	6,14	1,15	1,7	0,0	9,117	16,75	0,48	0,52	4,55	1,41
Chr5	12850	C	G	270	1047	0.8235	0.1765	1,4	0,10	0,2	0,3	0,4	0,17	2,10	6,28	3,26	0,7	2,4	1,1	3,8	1,17	1,36	4,10	2,6	4,11	2,2	0,5	3,7	0,0	3,5	1,4	2,4	4,6	2,4	1,6	5,11	0,4	0,2	3,6	1,7	0,4	5,3	5,8	1,9	2,3	4,11	1,14	2,6	4,10	3,10	2,9	2,8	0,0	4,11	1,10	0,1	1,5	1,11	0,0	1,3	1,6	2,12	2,3	3,9	0,0	2,14	0,4	2,18	1,3	0,5	0,10	0,1	0,3	0,0	1,9	0,1	6,14	3,8	3,4	2,11	3,5	0,0	3,7	1,6	1,2	3,13	4,9	5,17	0,4	3,17	2,6	1,13	2,15	4,12	6,15	3,10	3,8	7,17	2,15	2,4	0,5	0,98	90,1	0,51	0,55	1,47	0,47
Chr5	12908	A	G	244	1067	0.5595	0.4405	0,6	0,13	0,2	0,3	0,4	0,18	2,8	3,30	1,24	0,8	2,3	0,2	0,11	1,21	0,37	4,8	2,7	2,13	1,5	0,4	2,8	0,0	2,5	0,7	1,8	3,10	0,5	0,11	2,12	0,4	0,5	3,6	1,8	0,3	1,8	3,6	1,9	2,3	3,13	0,14	0,7	1,16	0,11	0,11	0,10	0,1	1,11	1,12	0,4	0,5	2,8	0,1	0,3	0,9	0,16	1,5	0,9	0,0	0,17	0,3	1,17	1,2	0,5	0,11	0,2	0,4	0,0	1,9	0,1	3,17	3,9	0,0	2,11	1,14	0,0	2,7	0,8	1,5	2,14	1,15	2,23	0,2	1,20	1,10	1,13	2,15	0,14	2,15	2,14	0,11	5,19	1,17	1,7	0,4	92,0	68,0	0,52	0,55	0,49	0,45
Chr5	12920	A	G	220	1091	0.7439	0.2561	0,7	0,11	0,2	0,4	0,3	0,18	0,8	4,30	2,24	0,6	2,2	0,1	2,9	0,22	0,39	3,9	1,6	4,9	2,5	0,4	2,8	0,2	2,4	0,7	2,7	3,10	2,3	1,11	4,9	0,4	0,5	3,6	1,8	0,3	3,4	2,5	1,11	2,2	3,12	0,12	1,6	3,15	2,10	2,9	1,10	0,1	4,7	1,12	0,3	1,4	3,7	0,1	1,2	1,7	2,12	2,4	2,6	0,0	2,15	0,0	2,14	1,2	0,5	0,13	0,2	0,4	0,0	1,9	0,1	4,13	2,9	0,3	2,11	3,12	0,0	3,4	1,6	1,5	2,14	4,12	3,21	0,2	2,18	2,10	1,14	1,13	2,9	3,12	3,13	2,6	5,17	1,14	2,6	0,4	0,97	87,0	0,57	0,51	0,52	1,53

Chr5	12901	C	A	96	1214	0.2771	0.7229	0,6	0,13	0,2	0,3	0,4	1,17	0,10	1,35	1,25	0,8	0,5	0,2	1,11	2,20	0,38	1,10	1,8	2,13	0,6	0,4	0,8	0,0	0,7	0,6	0,8	0,13	0,5	0,11	1,13	0,4	0,5	0,9	0,9	0,3	0,10	0,9	1,9	0,5	0,16	1,13	0,8	1,16	0,10	0,11	1,9	0,1	2,11	0,13	0,3	0,5	0,10	0,1	0,4	0,8	0,16	0,6	0,9	0,0	0,18	0,3	1,17	0,3	0,6	0,11	0,2	0,4	0,0	0,10	0,1	0,19	0,11	0,0	1,12	1,12	0,0	0,9	0,8	0,6	0,17	0,15	1,24	0,2	1,19	0,11	0,14	1,16	0,16	0,17	0,15	2,9	0,24	2,17	1,7	0,4	0,83	67,0	0,53	0,58	1,50	0,47
Chr5	12937	C	A	113	1107	0.2152	0.7848	0,7	0,9	0,2	0,2	0,2	1,14	0,8	0,34	1,25	0,5	0,4	0,1	1,8	2,19	1,36	1,8	1,5	1,10	0,7	0,0	0,10	0,2	0,5	0,6	0,7	0,8	0,3	0,12	1,11	0,3	0,4	0,6	0,8	0,5	0,5	0,6	0,6	0,5	0,11	0,10	0,6	1,15	0,12	0,8	0,11	0,1	2,9	0,10	0,3	0,4	0,10	0,1	0,3	0,5	0,13	0,5	0,8	0,0	0,14	0,2	0,16	0,3	0,4	0,8	0,3	0,0	0,3	0,6	0,1	0,15	0,9	0,2	1,12	1,12	0,0	0,9	0,6	0,6	0,14	0,11	1,21	0,3	1,13	0,11	0,14	1,12	0,12	0,12	0,15	1,7	0,20	0,12	0,5	0,0	0,112	94,0	0,56	0,53	0,55	0,55
Chr5	12938	A	T	237	970	0.2025	0.7975	0,7	0,9	0,2	0,2	0,2	1,14	0,8	0,34	1,25	0,5	0,4	0,1	1,8	2,19	0,36	1,8	1,5	1,10	0,7	0,0	0,10	0,2	0,5	0,6	0,7	0,8	0,2	0,12	1,11	0,3	0,4	0,6	0,8	0,5	0,5	0,6	0,6	0,5	0,11	0,10	0,6	1,15	0,12	0,7	0,11	0,1	2,9	0,10	0,3	0,4	0,10	0,1	0,3	0,5	0,13	0,5	0,8	0,0	0,14	0,2	0,15	0,3	0,4	0,9	0,3	0,0	0,3	0,6	0,1	0,14	0,9	0,2	1,12	1,12	0,0	0,9	0,5	0,5	0,14	0,11	1,21	0,3	1,13	0,11	0,14	1,12	0,12	0,12	0,15	1,7	0,19	0,11	0,5	0,3	105,0	93,0	7,50	3,49	3,52	8,47

Chr5	71148	G	T	303	1313	0.8542	0.1458	3,13	2,6	1,1	1,12	0,3	5,32	4,14	5,17	5,24	0,12	0,19	6,19	11,10	2,18	4,49	5,12	5,18	1,10	1,12	0,6	5,19	5,5	2,19	2,17	4,14	2,12	0,8	4,17	3,25	1,5	3,3	3,10	0,6	0,3	3,12	2,10	5,17	1,10	0,18	1,15	5,12	2,21	4,8	1,12	2,16	0,5	6,15	3,11	5,11	4,16	2,18	2,8	2,4	2,5	5,9	1,10	3,11	0,3	3,16	1,4	4,12	2,5	8,13	5,20	0,2	3,6	1,6	1,6	2,17	3,26	4,10	2,9	6,11	2,14	1,16	3,16	2,18	4,5	3,7	3,8	6,11	6,8	2,14	1,9	4,17	6,19	5,17	2,11	9,11	2,14	9,37	4,25	3,11	0,21	0,0	0,0	0,34	0,29	0,31	25,0
Chr5	71196	T	C	179	1314	0.2159	0.7841	0,15	0,4	0,2	0,12	0,3	0,22	0,12	0,21	0,22	0,12	0,19	0,15	1,11	3,11	0,42	1,14	0,30	0,9	0,9	0,2	0,15	0,6	0,14	1,16	0,13	1,11	0,6	0,14	1,22	0,1	0,3	0,13	1,3	0,2	0,12	0,6	0,20	0,7	2,17	0,12	0,12	0,20	0,8	0,11	0,9	0,3	0,17	0,10	0,11	0,17	0,18	0,6	0,6	1,6	0,8	1,7	0,10	0,1	2,12	0,3	0,9	0,5	0,12	1,16	0,1	0,7	0,4	0,6	0,9	0,21	0,15	0,9	0,13	2,10	1,11	0,10	0,18	0,2	0,8	1,7	0,16	0,13	0,11	0,7	1,12	0,21	1,19	0,8	0,11	0,13	0,38	0,27	0,10	1,15	0,90	1,56	53,0	47,1	55,0	0,58
Chr5	71259	G	A	160	720	0.1429	0.8571	0,7	0,5	0,0	0,7	0,0	0,4	0,8	0,10	0,10	0,3	0,7	0,6	0,7	3,5	0,17	1,6	0,14	0,4	0,3	0,0	0,8	0,3	0,9	0,11	0,7	0,1	0,4	0,6	0,12	0,0	0,2	0,6	1,2	0,2	0,4	0,1	0,7	0,3	1,8	0,5	0,3	0,14	0,4	0,4	0,4	0,1	0,7	0,3	0,5	0,6	0,10	0,5	0,4	0,2	0,2	1,4	0,2	0,0	0,4	0,1	0,3	0,0	0,5	1,6	0,0	0,5	0,1	0,2	0,5	0,10	0,8	0,3	0,5	2,5	0,2	0,5	0,9	0,2	0,4	0,6	0,9	0,4	0,4	0,3	0,5	0,7	0,13	0,3	0,6	0,4	0,17	0,6	0,3	1,3	0,107	4,75	46,0	49,0	49,0	1,56
Chr5	71262	C	A	147	704	0.1026	0.8974	0,7	0,5	0,0	0,7	0,0	0,4	0,8	0,10	0,10	0,3	0,7	0,6	0,7	0,8	0,17	1,6	0,14	0,4	0,3	0,0	0,8	0,3	0,9	0,11	0,7	0,1	0,3	0,6	0,12	0,0	0,2	0,6	0,3	0,2	0,4	0,1	0,7	0,3	1,8	0,5	0,3	1,13	0,4	0,4	0,4	0,1	0,7	0,3	0,5	0,6	0,10	0,5	0,4	0,2	0,2	0,5	0,2	0,0	0,4	0,1	0,3	0,0	0,5	0,7	0,0	0,5	0,1	0,2	0,5	0,10	0,8	0,3	0,5	1,6	0,2	0,5	0,9	0,2	0,4	0,6	0,8	0,4	0,4	0,3	0,5	0,6	0,13	0,3	0,6	0,4	0,17	0,6	0,3	0,4	0,103	4,75	47,0	46,0	45,0	1,40

Chr5	71178	G	A	205	1479	0.1277	0.8723	0,16	0,9	0,2	0,12	0,3	0,27	0,13	1,20	2,24	0,12	0,21	1,20	0,15	0,20	1,46	0,15	0,30	0,10	0,14	0,4	1,18	0,8	1,19	0,19	0,15	0,12	0,7	0,18	1,24	0,4	0,3	0,14	0,5	0,3	0,16	0,6	0,22	0,10	0,20	0,15	0,14	0,20	0,11	0,12	0,16	0,4	0,19	0,12	0,13	0,17	0,21	0,5	0,6	0,7	2,9	0,10	0,12	0,2	0,15	0,5	0,14	0,5	0,15	0,19	0,1	0,9	0,6	0,9	0,15	0,26	0,18	0,11	0,14	0,15	0,14	0,15	0,19	0,6	0,9	0,10	0,16	0,17	0,13	0,11	0,17	0,21	0,21	0,13	0,14	2,15	0,45	0,30	0,13	0,19	0,73	2,70	44,0	50,0	52,0	45,0
Chr5	71206	A	G	71	1386	0.3448	0.6552	0,13	0,5	0,2	0,12	0,3	0,20	0,11	2,17	2,20	0,11	2,18	1,13	0,12	0,11	2,37	1,12	0,30	1,8	1,8	0,2	1,12	0,6	1,13	1,16	0,12	1,10	0,6	0,12	2,19	0,1	0,3	0,13	0,3	0,2	0,11	0,5	0,20	0,6	3,14	1,10	0,12	1,19	0,7	0,10	1,7	0,3	0,16	1,9	0,10	2,14	0,18	0,6	0,6	0,5	0,8	1,5	0,9	0,1	2,12	0,3	1,7	0,5	0,12	0,15	0,1	0,7	0,4	0,6	0,9	2,19	1,14	0,6	0,13	2,9	0,11	0,9	0,18	0,2	0,7	0,7	0,16	0,12	0,11	0,6	1,11	1,19	0,18	0,8	0,10	3,10	2,32	1,26	0,7	0,13	2,95	13,59	4,56	4,49	0,54	4,54
Chr5	71263	G	A	123	710	0.1169	0.8831	0,7	0,5	0,0	0,7	0,0	0,4	0,8	1,9	0,10	0,3	0,7	1,5	0,7	0,8	0,15	0,7	0,14	0,4	0,3	0,0	1,7	0,3	1,7	1,10	0,7	0,1	0,3	0,6	1,11	0,0	0,2	0,6	0,2	0,0	0,4	0,1	0,7	0,3	0,9	0,5	0,3	0,12	0,4	0,3	0,4	0,1	0,7	0,3	0,5	0,6	0,10	0,3	0,3	0,1	0,2	0,5	0,2	0,0	1,3	0,1	0,3	0,0	0,5	0,7	0,0	0,5	0,1	0,2	0,5	0,10	0,8	0,3	0,4	0,6	0,2	0,5	0,9	0,2	0,4	0,6	0,8	0,4	0,4	0,3	1,4	0,6	0,13	0,3	0,6	0,4	0,17	0,6	0,3	0,4	1,101	71,5	0,48	0,46	0,42	43,1

Chr5	87304	A	T	108	690	0.3788	0.6212	0,7	1,2	0,1	0,8	0,0	0,4	0,4	2,21	0,9	1,1	0,3	0,1	0,6	0,3	2,17	0,0	0,10	1,5	0,4	0,1	1,5	0,3	0,2	0,5	0,7	0,2	0,1	1,4	1,6	2,3	1,3	0,7	0,0	1,1	0,1	2,1	0,7	0,3	0,7	0,3	0,2	1,1	1,1	0,0	0,0	0,0	0,5	0,5	0,2	0,4	0,0	0,0	0,5	0,0	0,5	0,0	0,3	0,1	0,2	0,0	1,11	0,4	1,6	2,5	0,2	0,2	0,0	0,1	1,2	0,6	0,8	1,0	0,4	0,5	1,4	0,11	0,8	0,4	0,5	0,3	0,0	0,3	1,2	2,4	0,4	0,8	2,7	0,5	1,3	0,2	1,7	0,6	0,2	0,5	0,94	74,0	0,50	0,63	2,55	0,65
Chr5	87309	C	T	55	712	0.4930	0.5070	0,7	1,2	0,1	3,5	0,0	0,4	1,3	2,22	1,8	1,1	0,3	0,1	0,6	0,3	2,19	0,0	3,7	1,5	0,4	0,1	1,5	0,3	0,2	0,7	0,7	1,2	0,1	1,5	1,6	2,3	1,3	0,7	0,0	1,1	0,1	3,0	0,8	0,3	0,6	0,3	0,2	1,1	1,1	0,0	0,1	0,0	0,5	0,5	0,3	0,4	0,0	0,0	1,4	0,0	0,4	0,0	0,3	0,1	0,3	0,0	1,13	2,2	2,5	2,5	0,2	0,2	0,1	0,1	1,2	1,5	0,8	1,0	0,4	0,5	1,4	0,11	0,8	0,4	0,5	0,3	0,0	0,3	1,2	3,4	1,3	3,5	4,5	0,5	1,3	0,2	1,8	0,6	0,2	0,6	0,87	0,81	0,45	0,46	1,51	0,46
Chr5	87331	A	G	160	644	0.6364	0.3636	0,7	3,1	0,1	3,7	0,0	0,7	1,3	5,18	2,10	1,1	4,1	0,2	3,3	0,5	5,18	0,0	0,10	1,5	0,6	0,2	1,5	0,3	0,2	1,6	3,4	1,5	1,3	2,5	0,7	2,2	2,1	1,8	0,0	4,0	0,2	1,2	1,9	0,3	0,6	1,5	2,3	1,1	1,2	3,1	2,1	0,1	2,6	0,6	0,5	0,5	0,0	0,0	0,5	0,0	0,5	0,0	2,1	0,2	0,3	0,0	2,12	2,3	2,6	4,5	0,2	1,2	0,1	0,1	1,3	1,6	5,6	1,0	0,5	3,6	1,4	3,11	4,4	0,5	0,8	0,4	0,0	0,4	3,3	5,2	0,3	0,9	3,8	3,4	1,3	0,3	1,9	0,8	0,2	0,6	0,66	52,0	0,54	0,42	0,42	0,50
Chr5	87333	T	C	212	594	0.3289	0.6711	0,7	1,3	0,1	0,10	0,0	0,8	0,4	0,23	0,12	0,1	1,4	0,2	0,6	0,5	2,22	0,0	0,9	1,5	0,6	0,2	0,6	0,3	0,2	0,7	0,7	0,6	1,3	2,6	0,7	2,3	1,2	0,9	0,0	1,3	0,3	0,2	1,9	0,5	0,8	0,6	0,5	1,1	1,2	0,4	0,3	0,1	0,8	0,6	0,6	0,5	0,0	0,0	0,5	0,0	0,6	0,0	0,3	0,2	0,3	0,0	0,15	1,4	2,6	2,8	0,2	0,3	0,1	0,1	1,3	0,7	0,11	1,1	0,5	0,9	1,4	0,14	0,9	0,5	0,8	0,4	0,0	0,4	0,5	3,4	0,4	0,8	2,9	0,8	1,3	0,2	1,11	0,8	0,2	0,6	0,63	0,49	51,0	38,0	45,1	48,0
Chr5	87335	A	T	215	591	0.2800	0.7200	0,7	0,3	0,1	0,10	0,0	0,8	0,4	0,23	0,13	0,1	1,4	0,2	0,6	0,5	2,22	0,0	0,9	1,5	0,5	0,2	0,6	0,3	0,2	0,7	0,7	0,6	1,3	2,6	0,7	2,3	1,2	0,9	0,0	0,3	0,3	0,2	1,9	0,5	0,8	0,6	0,4	1,1	1,2	0,4	0,3	0,1	0,8	0,6	0,6	0,5	0,0	0,0	0,5	0,0	0,6	0,0	0,3	0,2	0,3	0,0	0,15	1,4	2,6	2,8	0,2	0,3	0,1	0,2	0,3	0,7	0,11	0,1	0,5	0,9	1,4	0,14	0,8	0,5	0,8	0,4	0,0	0,4	0,5	2,3	0,4	0,8	2,9	0,8	1,3	0,2	0,11	0,8	0,2	0,6	4,63	1,49	48,0	36,0	52,0	50,0
Chr5	87342	G	A	97	697	0.2297	0.7703	0,6	0,3	0,1	0,9	0,0	0,8	0,4	0,21	0,11	0,1	1,3	0,2	0,5	0,5	1,24	0,0	0,7	1,5	0,5	0,2	0,6	0,3	0,2	0,6	0,7	0,6	1,3	2,6	0,5	1,3	1,2	0,9	0,0	0,3	0,3	0,2	1,9	0,6	0,8	0,6	0,4	1,1	1,2	0,3	0,3	0,1	0,8	0,5	0,6	0,5	0,0	0,0	0,5	0,0	0,6	0,0	0,3	0,2	0,3	0,0	0,14	1,4	2,6	2,8	0,2	0,3	0,1	0,2	0,3	0,7	0,10	0,1	0,5	0,9	1,3	0,12	0,8	0,5	0,8	0,4	0,0	0,3	0,5	2,3	0,4	0,9	2,10	0,8	1,3	0,2	0,11	0,6	0,2	0,6	74,0	0,45	1,53	0,39	0,51	0,48
Chr5	87378	A	T	35	525	0.3333	0.6667	0,3	3,3	0,1	4,2	0,0	0,7	0,2	0,21	0,8	1,1	1,3	0,0	0,5	0,5	1,25	0,0	0,5	0,1	0,5	0,1	0,5	0,0	0,2	0,4	0,7	0,5	2,2	2,5	0,4	0,2	1,2	0,6	0,0	0,3	0,0	0,3	2,8	0,5	0,7	0,5	0,5	1,1	1,2	0,2	0,3	0,1	0,8	0,3	0,5	0,5	0,0	0,0	0,5	0,0	0,5	0,0	0,2	0,2	0,2	0,0	0,12	1,4	2,4	0,7	0,1	0,3	0,1	0,1	1,3	0,6	0,9	0,1	0,5	1,9	1,4	0,10	0,7	0,2	0,6	1,4	0,0	0,3	1,5	4,2	0,2	0,8	3,6	0,5	1,3	0,0	0,10	0,6	0,2	0,6	0,81	0,63	0,0	0,0	0,0	0,0
Chr5	87380	C	T	194	573	0.3182	0.6818	0,3	3,3	0,1	4,2	0,0	0,7	0,1	0,21	0,8	1,1	1,3	0,0	0,5	0,5	1,25	0,0	0,5	0,1	0,5	0,1	0,5	0,0	0,2	0,4	0,7	0,5	2,2	2,5	0,4	0,2	1,2	0,6	0,0	0,3	0,0	0,3	2,8	0,5	0,8	0,5	0,5	1,1	1,2	0,2	0,3	0,1	0,8	0,3	0,5	0,5	0,0	0,0	0,5	0,0	0,5	0,0	0,2	0,2	0,2	0,0	0,12	1,4	2,4	0,7	0,1	0,3	0,1	0,1	1,3	0,6	0,9	0,1	0,5	1,9	1,4	0,10	0,7	0,2	0,6	1,4	0,0	0,3	1,5	4,2	0,2	0,8	3,6	0,5	1,3	0,2	0,10	0,6	0,2	0,6	91,0	68,0	0,54	0,45	0,47	0,44
Chr5	87381	C	T	157	599	0.3382	0.6618	0,3	3,3	0,1	0,6	0,0	0,7	0,1	0,21	0,8	1,1	1,3	0,0	0,5	0,5	1,26	0,0	0,5	0,1	0,5	0,1	0,5	0,0	0,2	0,4	0,7	0,5	2,2	2,5	0,4	0,2	1,2	0,6	0,0	0,3	0,0	0,3	2,8	0,5	0,8	0,5	0,5	1,1	1,2	0,2	0,3	0,1	0,8	0,3	0,5	0,5	0,0	0,0	0,5	0,0	0,5	0,0	0,2	0,2	0,2	0,0	0,12	1,4	2,4	0,8	0,1	0,3	0,1	0,1	1,3	0,6	0,10	0,1	0,5	1,9	1,4	0,10	0,7	0,2	0,6	1,4	0,0	0,3	1,5	2,4	0,3	0,8	3,7	0,5	1,3	0,2	0,10	0,6	0,2	0,6	0,87	0,70	39,0	47,0	42,1	0,47
Chr5	87396	G	A	100	644	0.3125	0.6875	0,3	3,3	0,1	0,3	0,0	0,6	0,1	0,21	0,8	1,1	1,3	0,0	0,4	0,4	1,23	0,0	0,4	0,0	0,5	0,1	0,5	0,0	0,2	0,3	0,6	0,5	2,2	2,5	0,4	0,2	1,2	0,5	0,0	0,3	0,0	0,4	2,7	0,5	0,7	0,5	0,5	1,1	1,2	0,2	0,3	0,1	0,8	0,4	0,5	0,4	0,0	0,0	0,5	0,0	0,5	0,0	0,2	0,2	0,2	0,0	0,13	1,4	1,4	0,8	0,1	0,2	0,1	0,1	1,3	0,5	0,10	0,1	0,5	1,8	1,4	0,7	0,7	0,2	0,6	1,3	0,0	0,3	1,5	2,4	0,3	0,7	3,7	0,5	1,3	0,1	0,10	0,7	0,1	0,6	72,0	0,57	0,61	0,49	0,55	0,51

Chr5	92860	T	C	35	586	0.4590	0.5410	0,2	1,2	0,0	0,2	0,0	0,3	0,5	0,10	1,11	0,2	0,4	0,1	0,0	2,4	1,13	0,3	0,0	0,0	0,3	0,2	0,6	0,0	0,0	0,1	0,5	1,2	0,1	0,1	0,2	1,3	0,1	0,6	0,1	0,0	0,2	0,0	2,4	0,5	0,5	0,3	1,5	0,10	0,7	0,0	1,3	0,3	1,5	0,2	1,3	0,1	0,0	0,0	2,1	1,0	1,4	1,1	0,6	1,0	0,6	0,0	0,8	1,1	2,0	0,6	0,0	0,2	0,0	0,0	1,3	0,6	1,4	0,5	0,2	1,2	1,3	0,4	1,6	1,1	0,2	0,3	0,9	0,2	0,2	0,4	0,7	3,2	1,5	0,6	0,0	0,0	0,8	0,12	1,4	0,8	0,91	1,61	1,29	0,35	0,37	0,34
Chr5	92893	A	T	38	585	0.5082	0.4918	0,1	1,1	2,1	0,0	0,0	0,4	0,3	0,8	1,10	0,1	0,4	0,1	0,0	1,2	1,7	0,3	0,1	0,0	0,2	0,1	0,8	0,0	0,0	0,0	1,5	2,2	0,0	0,2	0,1	1,2	0,0	0,6	0,1	0,0	0,0	0,0	2,1	0,4	0,3	0,3	2,3	0,8	1,4	0,0	1,3	0,3	1,5	0,1	1,3	0,2	0,0	0,0	2,2	1,0	1,4	1,1	0,2	1,0	0,4	0,0	0,7	1,1	2,2	0,6	0,0	0,0	0,0	0,0	1,2	0,3	1,4	0,4	0,2	1,1	1,2	0,4	1,4	1,1	0,2	0,4	0,7	1,1	0,3	0,1	0,5	2,1	1,3	0,5	0,0	0,0	0,5	0,8	0,3	0,8	0,100	0,69	1,45	0,48	0,48	0,43
Chr5	92914	G	A	42	591	0.5000	0.5000	0,0	1,1	2,1	0,0	0,0	0,4	0,4	0,7	1,11	0,1	0,4	0,1	0,0	1,3	1,10	0,3	0,2	0,0	0,1	0,1	0,6	0,0	0,0	0,0	1,6	2,2	0,0	0,3	0,1	1,3	0,0	0,6	0,1	0,0	0,2	0,0	2,2	0,4	0,5	0,3	2,2	0,8	1,4	0,0	1,3	0,2	1,6	0,2	1,3	0,3	0,0	0,0	2,1	1,0	1,3	1,1	0,2	1,0	0,4	0,0	0,8	1,1	2,2	0,6	0,0	0,2	0,0	0,0	1,2	0,3	1,4	0,4	0,3	0,0	1,3	0,6	1,4	1,1	0,2	0,3	0,7	1,2	0,3	0,1	0,6	2,1	1,3	0,6	0,0	0,0	0,7	0,9	0,3	0,8	2,98	0,68	2,43	0,46	0,37	2,47
Chr5	99184	C	A	165	1155	0.4409	0.5591	0,5	1,3	0,4	4,7	0,2	0,21	1,5	3,27	1,28	1,4	0,6	0,7	0,4	0,25	2,39	1,8	0,10	0,16	1,16	0,5	1,12	0,5	0,12	0,4	0,10	2,9	0,1	2,13	1,13	0,3	0,3	0,13	0,12	0,4	1,5	2,8	0,12	0,13	1,17	0,14	0,11	1,10	5,20	3,6	0,12	1,2	0,16	0,10	0,6	0,9	0,8	0,5	2,6	0,3	0,20	0,8	1,16	0,2	1,17	0,8	2,23	0,2	0,10	1,12	0,3	2,8	0,2	0,6	1,12	1,11	0,10	1,12	0,12	0,9	0,8	0,17	1,13	0,9	0,9	3,12	1,7	0,7	1,28	0,10	1,15	0,9	0,15	0,11	1,7	0,13	3,26	1,11	0,9	0,17	0,67	0,56	27,8	23,5	25,7	31,7

Chr5	92918	C	T	81	532	0.7500	0.2500	0,0	0,2	0,0	0,0	0,0	0,0	1,3	0,7	2,10	1,0	0,3	0,1	0,0	1,3	4,7	2,1	2,0	0,0	0,1	1,0	0,5	0,0	0,0	0,0	1,6	1,2	0,0	2,1	0,1	2,2	0,0	2,3	1,0	0,0	2,0	0,0	2,2	3,1	0,5	0,3	1,3	3,5	1,4	0,0	0,4	0,2	1,5	2,0	3,1	0,3	0,0	0,0	0,3	0,1	0,2	0,2	1,1	0,1	3,1	0,0	1,7	1,1	2,2	4,2	0,0	0,1	0,0	0,0	1,2	1,2	0,5	1,3	1,2	0,0	1,3	1,4	0,5	1,1	0,2	2,1	0,7	0,2	2,1	0,1	2,4	0,3	0,4	1,3	0,0	0,0	4,3	2,7	1,2	3,4	1,99	0,70	2,40	0,42	0,39	1,51
Chr5	92919	G	A	99	532	0.7619	0.2381	0,0	0,2	1,2	0,0	0,0	4,0	1,2	0,7	2,10	0,0	0,3	0,1	0,0	1,3	4,7	0,3	2,0	0,0	0,2	1,0	1,5	0,0	0,0	0,0	1,6	2,2	0,0	2,1	0,1	2,2	0,0	2,3	1,0	0,0	0,0	0,0	2,3	3,1	0,5	0,3	1,3	3,5	1,4	0,0	0,4	0,2	1,4	2,0	3,1	0,3	0,0	0,0	0,4	0,1	2,4	0,2	1,1	0,1	3,1	0,0	1,7	1,1	2,2	4,2	0,0	1,1	0,0	0,0	1,2	1,2	0,5	1,3	1,2	0,0	1,3	2,4	0,5	1,1	0,2	2,1	0,7	1,2	2,1	0,1	2,4	0,3	0,4	3,3	0,0	0,0	4,3	2,7	1,4	3,4	8,90	2,69	2,39	0,42	0,40	1,52
Chr5	98056	A	G	65	663	0.0769	0.9231	0,9	0,7	0,1	0,9	0,1	0,8	0,6	1,17	0,22	0,4	0,7	0,3	0,5	0,2	0,19	0,9	0,8	0,7	2,9	0,0	0,7	0,0	0,14	0,8	0,5	0,6	0,3	0,7	1,12	0,5	0,4	0,6	0,2	0,2	0,10	0,5	0,9	1,2	0,10	0,3	0,5	0,14	0,8	0,8	0,8	0,1	0,5	0,2	0,7	1,3	0,5	0,1	0,0	0,0	0,3	0,0	0,10	0,1	0,11	0,0	0,13	0,0	0,8	0,5	0,3	0,5	0,6	0,3	0,4	0,8	0,10	0,3	0,5	0,6	0,0	0,6	0,11	0,4	0,6	0,8	0,7	0,12	0,6	0,5	0,5	1,13	0,9	0,7	0,3	0,6	0,4	0,14	0,7	0,10	2,70	56,2	0,0	0,0	0,0	0,4

Chr5	98827	G	A	32	566	0.1746	0.8254	0,6	1,4	0,2	1,7	0,1	0,6	0,4	0,10	0,11	0,2	1,9	0,3	0,2	0,5	0,24	0,5	0,10	0,2	0,2	0,5	0,0	0,0	0,3	0,3	0,4	0,0	0,3	0,0	1,6	0,0	0,0	0,7	0,3	0,3	0,2	1,5	0,12	0,3	0,5	0,3	1,6	0,7	0,4	0,2	0,5	0,0	0,3	0,1	0,7	0,1	0,0	0,1	0,6	0,2	0,5	0,0	0,5	0,0	0,5	0,2	0,12	0,0	0,5	1,9	0,0	0,3	0,0	0,2	0,1	0,2	0,7	0,5	0,3	0,4	0,7	0,0	0,6	0,0	0,2	0,2	0,1	0,0	0,4	0,3	0,4	0,9	0,8	0,5	0,6	0,5	1,6	0,6	0,5	0,4	13,88	0,58	0,6	1,23	5,6	5,5
Chr5	98847	A	C	53	588	0.1471	0.8529	0,6	1,4	0,2	1,8	0,1	0,8	0,4	0,9	0,9	0,4	0,10	0,4	0,2	0,7	0,28	0,7	0,12	0,2	0,3	0,5	0,0	0,0	0,3	0,3	0,4	0,0	0,3	0,0	1,5	0,0	0,0	0,7	0,2	0,3	0,2	0,7	0,12	0,3	0,9	0,2	2,6	0,8	0,5	0,2	0,5	0,0	0,3	0,1	0,8	0,1	0,0	0,0	0,7	0,2	0,5	0,4	0,5	0,1	0,5	0,2	0,15	0,0	0,5	1,10	0,3	0,7	0,0	0,2	0,1	0,2	0,8	0,5	0,3	0,4	0,7	0,0	0,7	0,0	0,3	1,1	0,4	0,0	0,4	0,3	0,4	0,11	0,7	0,5	0,8	0,6	1,7	0,6	0,6	0,4	11,101	0,49	0,0	13,6	12,3	9,1
Chr5	99530	A	G	92	808	0.0263	0.9737	0,3	0,5	0,3	0,9	0,0	0,4	0,2	0,8	0,26	0,2	0,7	0,3	0,7	0,13	0,21	0,3	0,5	0,6	0,6	0,1	0,12	0,1	0,6	0,4	0,3	0,4	0,0	0,10	0,8	0,0	0,0	0,5	0,0	0,1	0,4	0,4	0,9	0,8	0,10	0,5	1,8	0,8	0,2	0,5	0,5	0,0	0,10	0,6	0,6	0,7	0,4	0,3	0,2	0,2	0,5	0,5	0,5	0,1	1,7	0,4	0,22	0,3	0,12	0,6	0,2	0,9	0,5	0,4	0,2	0,8	0,11	0,5	0,6	0,3	0,4	0,3	0,14	0,1	0,6	0,9	0,15	0,7	0,15	0,5	0,4	0,15	0,6	0,3	0,6	0,6	0,18	0,3	0,3	0,7	0,0	0,0	34,62	26,73	15,55	15,47
Chr5	99572	G	A	34	741	0.0286	0.9714	0,4	0,3	0,3	0,4	0,0	0,5	0,3	0,13	0,17	0,1	0,5	0,3	0,7	0,8	0,15	0,4	0,3	0,3	0,6	0,0	0,7	0,1	0,4	0,5	0,3	0,2	0,0	0,7	0,5	0,0	0,0	0,4	0,0	0,1	0,6	0,3	0,2	0,7	0,5	0,3	2,7	0,8	0,2	0,6	0,4	0,0	0,7	0,6	0,3	0,2	0,0	0,3	0,0	0,1	0,4	0,3	0,4	0,0	0,4	0,3	0,15	0,3	0,4	0,8	0,0	0,7	0,5	0,3	0,1	0,5	0,11	0,2	0,8	0,2	0,3	0,2	0,12	0,0	0,4	0,7	0,12	0,4	0,9	0,5	0,5	0,9	0,4	0,0	0,3	0,5	0,17	0,4	0,0	0,3	0,89	0,41	7,53	7,67	10,44	8,26

Chr5	99412	C	A	104	980	0.2535	0.7465	0,5	0,4	0,2	0,10	0,0	0,11	0,1	0,9	1,25	0,4	0,10	0,2	0,4	0,9	0,19	0,6	0,6	0,9	1,6	0,1	1,9	0,0	0,8	0,6	0,2	1,4	0,2	0,9	0,4	0,0	0,0	0,8	0,0	0,2	2,5	0,5	0,8	0,9	1,6	0,6	0,3	0,7	1,2	1,3	0,3	0,0	0,7	1,5	0,7	0,9	0,2	0,1	0,0	0,5	0,11	1,4	0,6	0,0	1,5	0,3	0,16	0,3	2,12	0,14	0,2	0,7	0,6	0,4	0,4	0,4	1,9	0,6	0,5	0,6	1,4	0,0	2,13	0,1	0,7	0,5	1,7	0,7	2,6	0,2	0,2	0,12	0,6	0,3	0,1	2,5	0,15	0,6	0,4	0,9	0,92	51,0	12,81	8,93	5,103	5,79
Chr5	99496	C	A	164	800	0.6905	0.3095	1,1	1,3	0,3	1,6	0,1	2,4	0,2	0,11	7,15	0,2	0,5	0,3	3,4	2,10	5,17	0,4	1,5	2,4	5,3	0,1	4,7	0,1	0,7	0,3	0,3	2,2	1,1	0,12	4,3	0,2	0,0	1,6	0,0	0,1	4,3	1,4	0,10	1,7	1,10	1,3	0,8	0,7	1,1	2,3	0,5	0,0	1,6	2,3	0,6	4,3	1,3	0,4	0,3	2,0	1,5	1,4	3,2	0,0	1,7	0,3	5,15	0,4	4,10	3,7	2,0	2,7	1,5	1,4	1,3	1,7	3,7	2,3	0,8	1,3	2,3	0,3	2,12	0,1	1,6	1,6	4,11	2,5	4,8	1,2	2,3	5,9	2,4	0,3	1,4	2,3	2,18	0,4	0,3	0,7	0,27	0,9	16,80	8,86	10,69	4,69
Chr5	99498	A	T	124	503	0.7024	0.2976	1,1	1,3	0,3	1,7	0,1	2,4	0,2	0,11	7,15	0,2	0,6	0,3	3,4	2,10	5,17	0,4	1,5	2,4	3,5	0,1	4,7	0,1	0,7	0,3	0,3	2,2	1,1	0,12	4,3	0,0	0,0	1,6	0,0	0,1	4,3	1,4	0,10	1,7	1,10	1,3	0,8	0,8	1,1	2,3	0,5	0,0	1,6	2,3	0,5	4,3	1,3	0,4	0,3	2,0	1,5	1,4	3,2	0,0	1,7	0,3	5,15	0,4	4,10	2,9	1,1	2,7	1,5	1,4	1,3	1,7	3,6	2,3	0,8	1,3	2,3	0,3	2,12	0,1	1,6	1,6	4,12	2,5	4,8	1,4	2,3	5,9	2,4	0,3	1,5	2,3	2,18	0,4	0,3	0,7	2,25	0,10	0,0	0,0	0,0	0,0
Chr5	99519	T	A	256	691	0.6543	0.3457	1,2	1,4	0,3	0,7	0,0	2,3	0,2	0,9	6,17	0,2	0,7	0,3	3,3	2,10	5,14	0,3	1,3	2,4	2,4	0,1	4,7	0,1	0,5	0,3	0,2	2,1	0,0	0,11	4,3	0,2	0,0	0,6	0,0	0,1	3,2	1,3	2,8	1,7	1,8	1,3	0,8	0,8	1,1	2,3	0,5	0,0	1,7	3,3	0,5	4,3	1,3	0,3	0,2	2,0	1,4	1,3	3,2	0,0	1,7	0,3	4,14	0,3	4,9	0,8	1,1	2,7	0,5	1,4	1,1	1,7	3,7	2,3	0,6	1,3	1,3	0,3	2,13	0,1	1,5	1,7	4,11	2,5	4,9	0,4	1,3	4,9	2,4	0,3	1,5	3,3	1,16	0,3	0,3	0,7	0,31	0,30	57,46	38,65	30,39	20,41
Chr5	99570	G	T	148	688	0.7215	0.2785	2,3	0,3	0,3	0,4	0,0	2,2	1,2	3,11	12,8	0,1	0,4	0,3	4,5	5,5	4,14	0,4	2,1	1,2	3,4	1,0	3,4	0,1	1,2	1,4	0,3	3,0	0,0	0,7	3,4	1,0	0,0	0,4	0,0	0,1	2,4	0,2	1,1	2,5	1,4	2,1	2,8	0,7	0,2	4,3	1,3	0,0	4,3	4,2	0,4	1,2	1,1	0,3	0,2	1,0	0,4	2,1	3,1	0,1	2,3	0,3	5,11	0,3	1,2	1,7	0,0	0,7	0,5	1,2	0,1	3,4	4,6	0,2	3,7	0,2	1,2	0,2	3,9	1,0	2,3	4,4	2,12	0,5	4,7	3,3	2,4	7,2	0,3	1,2	0,3	2,3	2,15	1,4	1,1	0,4	0,90	0,41	1,63	5,79	2,55	1,34
Chr5	99575	T	C	150	406	0.6447	0.3553	1,3	0,3	0,3	0,4	0,0	2,3	0,1	3,10	11,7	0,1	0,5	0,3	2,5	4,4	3,13	0,4	1,2	1,2	3,3	1,0	2,5	0,1	1,4	1,4	0,3	2,0	0,0	0,6	2,4	0,1	0,0	0,4	0,0	0,1	3,3	0,3	1,2	2,5	0,5	0,3	0,10	0,8	0,2	3,3	0,4	0,0	4,3	3,2	0,4	1,2	0,0	0,3	0,0	1,0	0,4	0,3	3,1	0,0	0,6	0,3	3,13	0,3	1,3	1,7	0,0	0,7	1,5	1,2	0,1	1,4	3,8	0,2	2,5	0,2	1,2	0,1	2,10	0,0	1,4	2,5	1,12	0,5	2,8	2,3	2,3	7,2	0,5	0,2	0,3	2,3	2,14	1,4	0,1	0,4	0,0	0,0	11,12	19,24	9,23	12,6

Chr5	99437	C	T	188	1014	0.6463	0.3537	0,6	1,4	0,2	0,9	0,1	0,7	0,3	0,11	1,30	0,4	0,10	1,2	0,7	0,13	5,21	0,4	1,7	1,8	1,7	0,1	0,10	0,1	2,7	1,4	0,3	0,6	1,1	6,7	0,6	3,1	0,0	0,10	0,0	1,1	0,6	4,1	2,9	3,8	4,6	0,5	1,3	1,6	0,1	1,4	2,3	0,2	2,6	0,6	2,6	0,9	0,4	0,2	2,2	0,3	1,9	0,5	2,5	0,0	2,5	1,2	5,18	0,3	3,13	3,11	0,2	3,6	2,4	1,3	1,3	0,9	2,10	2,7	1,7	0,5	0,5	1,2	1,15	0,1	1,7	1,7	2,12	0,9	1,10	2,3	1,4	2,13	2,6	1,3	3,3	1,6	2,19	0,6	0,5	1,9	87,0	0,57	0,90	1,97	0,107	0,85
Chr5	99527	C	A	155	796	0.5500	0.4500	0,3	0,4	0,3	0,9	0,0	0,4	0,2	0,8	1,25	0,2	0,7	1,2	0,6	0,13	2,19	0,3	0,5	1,5	0,6	0,1	0,12	0,1	2,4	1,3	0,3	0,4	0,0	5,6	0,8	0,0	0,0	0,5	0,0	1,0	1,4	3,1	1,8	2,7	2,8	0,5	1,8	1,7	0,2	1,4	2,3	0,0	2,8	0,5	1,5	0,7	0,4	0,3	2,0	0,2	2,3	0,4	1,4	0,0	2,6	1,3	3,17	0,3	1,11	1,6	0,2	2,7	2,3	1,3	0,2	0,8	2,8	2,3	0,6	0,3	0,4	1,2	1,14	0,1	2,4	0,9	4,11	0,7	1,14	0,5	1,3	0,14	2,4	1,2	0,6	2,4	0,18	1,2	0,3	2,4	1,30	0,34	19,76	25,76	23,43	16,40
Chr5	99564	C	T	62	802	0.5286	0.4714	0,4	0,3	0,3	0,2	0,0	0,3	0,2	0,12	1,21	0,1	0,4	1,2	0,8	0,10	2,17	0,2	0,5	0,3	1,6	0,1	0,8	0,1	0,3	0,4	0,3	0,3	0,0	1,5	0,8	0,1	0,0	0,4	0,0	0,0	1,2	1,0	0,2	1,6	1,6	0,3	1,7	1,4	0,1	1,5	2,4	0,0	2,6	0,5	2,3	0,4	0,3	0,3	2,0	0,2	1,2	0,2	0,3	0,1	1,3	1,1	2,17	0,2	0,2	1,7	0,0	3,5	0,3	1,2	0,1	0,8	2,10	1,2	1,8	0,2	0,3	1,2	0,11	0,1	2,3	0,8	2,13	0,5	2,10	3,3	1,5	0,12	1,3	1,1	0,5	1,3	0,17	0,0	0,2	0,3	1,91	1,44	3,74	4,83	2,57	2,47
Chr5	99584	G	C	148	534	0.6711	0.3289	0,5	0,3	0,3	0,6	0,0	0,5	0,1	0,12	1,22	0,2	1,5	1,2	1,6	1,10	3,17	0,4	1,3	1,3	1,7	0,1	0,10	0,0	2,4	1,4	0,3	0,3	0,0	1,4	0,8	0,1	0,0	0,4	0,0	1,0	1,5	3,1	2,3	2,7	2,7	0,5	1,10	1,6	0,4	1,5	2,3	0,0	2,6	0,6	2,4	2,3	0,2	0,3	0,1	0,1	1,2	0,6	1,3	0,1	1,7	1,2	5,14	0,3	1,6	0,10	0,0	4,5	2,3	1,2	0,2	0,7	2,9	1,2	1,8	0,3	0,5	2,1	2,12	0,0	2,3	2,5	1,11	2,3	1,11	3,2	1,5	0,15	0,5	2,0	2,3	1,4	6,10	0,5	0,2	1,4	0,93	62,0	0,0	0,0	0,0	0,0

