5	1	600000	435	213	77	0	0	45	32	B	C	5973	435
5	600001	700000	368	186	64	0	0	27	37	B	D	436	803
5	700001	800000	692	332	70	54	16	0	0	A	D	804	1495
5	800001	900000	326	162	32	24	8	0	0	A	D	1496	1821
5	900001	1100000	762	368	102	75	27	0	0	A	D	1822	2583
5	1100001	1200000	328	159	47	38	9	0	0	A	D	2584	2911
5	1200001	1400000	300	150	35	26	9	0	0	A	D	2912	3211
5	1400001	1600000	294	155	39	31	8	0	0	A	D	3212	3505
5	1600001	1800000	622	292	63	45	18	0	0	A	D	3506	4127
5	1800001	1900000	538	240	67	41	26	0	0	A	D	4128	4665
5	1900001	2000000	467	256	67	47	20	0	0	A	D	4666	5132
5	2000001	2100000	840	410	95	64	31	0	0	A	D	5133	5972
5	2100001	2106916	26	13	2	2	0	0	0	A	D	5973	5998
